name	logFC	P.Value	t
MAP4	10.9758	1	10.9758
HSPG2	5.29957	1	5.29957
COL1A2	4.66888	1	4.66888
DDX42	4.50244	1	4.50244
AUTS2	3.54765	1	3.54765
FAU	3.40749	1	3.40749
INTS7	3.38997	1	3.38997
CHTF8	3.33742	1	3.33742
INTS3	3.28486	1	3.28486
DAZAP1	2.78556	1	2.78556
MAGED1	2.64541	1	2.64541
KRT2	2.58409	1	2.58409
ARGLU1	2.46145	1	2.46145
TTN	2.45269	1	2.45269
LUC7L2	2.44393	1	2.44393
KRT1	2.41766	1	2.41766
ZCCHC17	2.4089	1	2.4089
KRT9	2.3651	1	2.3651
KRT10	2.2337	1	2.2337
MMTAG2	2.18991	1	2.18991
RPL29	2.15487	1	2.15487
PRKAR2A	2.06727	1	2.06727
FLG2	2.04975	1	2.04975
PICALM	2.03223	1	2.03223
SFPQ	2.02347	1	2.02347
PRRC2C	2.01471	1	2.01471
SYNCRIP	2.01471	1	2.01471
ACTR1A	1.97091	1	1.97091
RBBP6	1.96215	1	1.96215
SF3A1	1.93588	1	1.93588
UBAP2L	1.91836	1	1.91836
GMPPA	1.9096	1	1.9096
MARK2	1.87456	1	1.87456
H2AFX	1.8658	1	1.8658
MAPK1	1.83076	1	1.83076
KRT4	1.83076	1	1.83076
TMEM209	1.80448	1	1.80448
YLPM1	1.74316	1	1.74316
CUL5	1.71689	1	1.71689
FAM168A	1.70813	1	1.70813
GATAD2A	1.68185	1	1.68185
SMARCB1	1.65557	1	1.65557
TARS	1.61177	1	1.61177
GCN1L1	1.61177	1	1.61177
ZNF703	1.55921	1	1.55921
PATL1	1.55921	1	1.55921
FOXP1	1.55921	1	1.55921
XRCC5	1.51541	1	1.51541
SRSF11	1.51541	1	1.51541
SMC4	1.43658	1	1.43658
FLNB	1.43658	1	1.43658
KRT76	1.43658	1	1.43658
KRT6B	1.43658	1	1.43658
RPS7	1.39278	1	1.39278
POM121C	1.35774	1	1.35774
ILF3	1.34898	1	1.34898
PFAS	1.33146	1	1.33146
SON	1.31394	1	1.31394
MATR3	1.30518	1	1.30518
CLTC	1.30518	1	1.30518
EIF4A3	1.29642	1	1.29642
RPL13	1.29642	1	1.29642
RAB14	1.28766	1	1.28766
TAGLN2	1.2789	1	1.2789
CCT5	1.25263	1	1.25263
HIST1H1E	1.25263	1	1.25263
ADNP	1.24387	1	1.24387
KRT13	1.23511	1	1.23511
RPL4	1.16503	1	1.16503
YEATS2	1.16503	1	1.16503
HIST1H1C	1.16503	1	1.16503
ADRM1	1.15627	1	1.15627
GATAD2B	1.14751	1	1.14751
CLINT1	1.14751	1	1.14751
HIST1H2AB	1.13875	1	1.13875
UBC	1.12999	1	1.12999
ZFR	1.09495	1	1.09495
TAB1	1.08619	1	1.08619
NUP98	1.08619	1	1.08619
XRN2	1.06867	1	1.06867
PGK1	1.05991	1	1.05991
SMC2	1.04239	1	1.04239
ZNF503	1.03364	1	1.03364
STRIP1	1.01612	1	1.01612
SNX2	1.01612	1	1.01612
CYFIP2	0.998597	1	0.998597
HIST1H1D	0.998597	1	0.998597
EIF3M	0.981077	1	0.981077
NONO	0.963558	1	0.963558
RBM34	0.954799	1	0.954799
U2AF2	0.946039	1	0.946039
APRT	0.937279	1	0.937279
MAGED2	0.92852	1	0.92852
FUBP3	0.92852	1	0.92852
RBM14	0.92852	1	0.92852
VARS	0.92852	1	0.92852
CCT8	0.91976	1	0.91976
TRIM28	0.902241	1	0.902241
SCAMP1	0.884722	1	0.884722
DDX39B	0.867202	1	0.867202
SLC25A3	0.858443	1	0.858443
NUP214	0.840924	1	0.840924
PDIA3	0.832164	1	0.832164
NCLN	0.823404	1	0.823404
SLC25A13	0.814645	1	0.814645
CCAR2	0.797125	1	0.797125
ATP5J2	0.779606	1	0.779606
API5	0.779606	1	0.779606
TAF4	0.779606	1	0.779606
SEC24C	0.770847	1	0.770847
SRRM2	0.762087	1	0.762087
HIST1H4A	0.762087	1	0.762087
CCT3	0.753327	1	0.753327
AIFM1	0.735808	1	0.735808
PLOD1	0.718289	1	0.718289
RBM39	0.718289	1	0.718289
PMVK	0.709529	1	0.709529
CENPV	0.70077	1	0.70077
RPS12	0.69201	1	0.69201
CDK4	0.68325	1	0.68325
HADHB	0.674491	1	0.674491
AK2	0.674491	1	0.674491
POGZ	0.665731	1	0.665731
SSRP1	0.630693	1	0.630693
HUWE1	0.630693	1	0.630693
SNRPD3	0.630693	1	0.630693
HCFC1	0.621933	1	0.621933
GNA13	0.621933	1	0.621933
HIST1H2BN	0.621933	1	0.621933
HEATR1	0.613173	1	0.613173
PCBP1	0.604414	1	0.604414
RPS14	0.586895	1	0.586895
MTHFD1	0.586895	1	0.586895
JUP	0.578135	1	0.578135
RPL27A	0.578135	1	0.578135
PCBP2	0.569375	1	0.569375
NUMA1	0.569375	1	0.569375
UTP18	0.551856	1	0.551856
NOP56	0.543096	1	0.543096
RPL9	0.525577	1	0.525577
PSMC1	0.525577	1	0.525577
DDX3X	0.499298	1	0.499298
CCT4	0.481779	1	0.481779
POLDIP3	0.481779	1	0.481779
DNM2	0.481779	1	0.481779
RSL1D1	0.473019	1	0.473019
TCP1	0.437981	1	0.437981
COPA	0.437981	1	0.437981
HNRNPA3	0.429221	1	0.429221
CSNK1A1	0.429221	1	0.429221
LMNA	0.420462	1	0.420462
SF3B1	0.420462	1	0.420462
NUP153	0.420462	1	0.420462
NOP2	0.420462	1	0.420462
TCOF1	0.411702	1	0.411702
SND1	0.402943	1	0.402943
NUP133	0.402943	1	0.402943
DIEXF	0.402943	1	0.402943
RPL6	0.394183	1	0.394183
SEC16A	0.376664	1	0.376664
H2AFY	0.376664	1	0.376664
RPS13	0.376664	1	0.376664
RPL7A	0.350385	1	0.350385
MCM2	0.341625	1	0.341625
RPS8	0.341625	1	0.341625
ERLIN2	0.332866	1	0.332866
RPL31	0.332866	1	0.332866
HSPA1A	0.324106	1	0.324106
DDX50	0.306587	1	0.306587
CCT7	0.306587	1	0.306587
CDK2	0.297827	1	0.297827
SCAMP3	0.297827	1	0.297827
FYTTD1	0.297827	1	0.297827
ADPRHL2	0.297827	1	0.297827
RCC1	0.297827	1	0.297827
TOP1	0.297827	1	0.297827
RTCB	0.289067	1	0.289067
RPLP0	0.289067	1	0.289067
DDX21	0.271548	1	0.271548
IQGAP1	0.271548	1	0.271548
KHSRP	0.262789	1	0.262789
FUBP1	0.262789	1	0.262789
TIAL1	0.262789	1	0.262789
KRT5	0.262789	1	0.262789
ASCC3	0.254029	1	0.254029
SLTM	0.254029	1	0.254029
HNRNPA2B1	0.254029	1	0.254029
FARSA	0.254029	1	0.254029
KRT14	0.245269	1	0.245269
HSPA5	0.22775	1	0.22775
KRT18	0.22775	1	0.22775
PRDX1	0.218991	1	0.218991
PRPF38B	0.218991	1	0.218991
DHX15	0.201471	1	0.201471
MCM7	0.183952	1	0.183952
SRM	0.183952	1	0.183952
KPNB1	0.183952	1	0.183952
HNRNPH1	0.183952	1	0.183952
RPS17L	0.166433	1	0.166433
SMC3	0.166433	1	0.166433
PPAN	0.166433	1	0.166433
MSH2	0.166433	1	0.166433
DDX17	0.157673	1	0.157673
CTTN	0.140154	1	0.140154
GAPDH	0.140154	1	0.140154
HIST3H3	0.140154	1	0.140154
HNRNPK	0.140154	1	0.140154
DHX8	0.131394	1	0.131394
MYH9	0.122635	1	0.122635
SRPRB	0.113875	1	0.113875
DARS	0.0963558	1	0.0963558
NNT	0.0875962	1	0.0875962
FARSB	0.0875962	1	0.0875962
FLNA	0.0875962	1	0.0875962
ADO	0.0788366	1	0.0788366
SLC25A5	0.0788366	1	0.0788366
ABCF2	0.0613173	1	0.0613173
H2AFY2	0.0525577	1	0.0525577
AARS2	0.0525577	1	0.0525577
PLS3	0.0437981	1	0.0437981
TOMM22	0.0350385	1	0.0350385
ASNS	0.0350385	1	0.0350385
HSPA8	0.0175192	1	0.0175192
AP2B1	0.0175192	1	0.0175192
SERBP1	0	1	0
CCAR1	0	1	0
IGF2BP1	0	1	0
HSP90AB1	0	1	0
PMPCB	0	1	0
PCNA	0	1	0
42989	-0.0175192	1	-0.0175192
RPS6	-0.0175192	1	-0.0175192
SMC1A	-0.0262789	1	-0.0262789
ELAVL1	-0.0350385	1	-0.0350385
RPS23	-0.0350385	1	-0.0350385
PTBP1	-0.0437981	1	-0.0437981
RPL5	-0.0525577	1	-0.0525577
PHB2	-0.0525577	1	-0.0525577
RPL18	-0.0525577	1	-0.0525577
EIF4A2	-0.0613173	1	-0.0613173
DYNC1H1	-0.0788366	1	-0.0788366
RPL13A	-0.0788366	1	-0.0788366
SRSF7	-0.0788366	1	-0.0788366
NEFM	-0.0875962	1	-0.0875962
RPL28	-0.0875962	1	-0.0875962
TUBGCP2	-0.0963558	1	-0.0963558
HRNR	-0.105115	1	-0.105115
PHGDH	-0.113875	1	-0.113875
RPL7	-0.113875	1	-0.113875
POLR2A	-0.122635	1	-0.122635
RPL38	-0.122635	1	-0.122635
ACTB	-0.122635	1	-0.122635
ACTG1	-0.122635	1	-0.122635
HNRNPH3	-0.122635	1	-0.122635
COL1A1	-0.131394	1	-0.131394
DDX6	-0.131394	1	-0.131394
LARS	-0.131394	1	-0.131394
EEF1A1P5	-0.131394	1	-0.131394
ENO1	-0.140154	1	-0.140154
PKLR	-0.157673	1	-0.157673
AFG3L2	-0.166433	1	-0.166433
RPS4X	-0.166433	1	-0.166433
ZYX	-0.175192	1	-0.175192
NPM1	-0.175192	1	-0.175192
TRAP1	-0.183952	1	-0.183952
HNRNPD	-0.183952	1	-0.183952
EIF4G1	-0.192712	1	-0.192712
KRT16	-0.201471	1	-0.201471
CSDE1	-0.210231	1	-0.210231
DHX9	-0.210231	1	-0.210231
ACTN4	-0.218991	1	-0.218991
HSPD1	-0.22775	1	-0.22775
GFM1	-0.22775	1	-0.22775
RPL3	-0.22775	1	-0.22775
MTA1	-0.23651	1	-0.23651
RRP12	-0.23651	1	-0.23651
CFL1	-0.245269	1	-0.245269
KHDRBS1	-0.254029	1	-0.254029
NCKAP1	-0.254029	1	-0.254029
XRCC6	-0.262789	1	-0.262789
ALDH18A1	-0.271548	1	-0.271548
ARID1A	-0.280308	1	-0.280308
SLC25A11	-0.289067	1	-0.289067
MYH10	-0.289067	1	-0.289067
PKM	-0.289067	1	-0.289067
DDOST	-0.297827	1	-0.297827
PARP1	-0.297827	1	-0.297827
H1F0	-0.315346	1	-0.315346
PDCD11	-0.315346	1	-0.315346
ATP5L	-0.324106	1	-0.324106
RANBP2	-0.332866	1	-0.332866
IGF2BP2	-0.332866	1	-0.332866
TUBB2B	-0.332866	1	-0.332866
ATP1A1	-0.350385	1	-0.350385
IARS	-0.359144	1	-0.359144
CAPZA1	-0.367904	1	-0.367904
PRPF4B	-0.367904	1	-0.367904
TBL3	-0.376664	1	-0.376664
CLNS1A	-0.385423	1	-0.385423
RPL22	-0.385423	1	-0.385423
UQCRC2	-0.385423	1	-0.385423
ACAT1	-0.394183	1	-0.394183
PRKDC	-0.394183	1	-0.394183
DDX5	-0.394183	1	-0.394183
HDLBP	-0.420462	1	-0.420462
ACOT7	-0.429221	1	-0.429221
SRSF6	-0.446741	1	-0.446741
SFXN1	-0.446741	1	-0.446741
PDHB	-0.446741	1	-0.446741
RPLP1	-0.446741	1	-0.446741
SUPT16H	-0.4555	1	-0.4555
EPRS	-0.4555	1	-0.4555
RUVBL2	-0.4555	1	-0.4555
HNRNPL	-0.46426	1	-0.46426
DDX27	-0.46426	1	-0.46426
ZNF326	-0.473019	1	-0.473019
HP1BP3	-0.490539	1	-0.490539
ATP5A1	-0.490539	1	-0.490539
NUP93	-0.508058	1	-0.508058
EPB41L2	-0.516818	1	-0.516818
HNRNPC	-0.516818	1	-0.516818
GANAB	-0.516818	1	-0.516818
HSP90AA1	-0.516818	1	-0.516818
EIF3E	-0.525577	1	-0.525577
KPNA2	-0.525577	1	-0.525577
RPL23	-0.525577	1	-0.525577
RDH11	-0.525577	1	-0.525577
ATP5O	-0.525577	1	-0.525577
ZNF598	-0.534337	1	-0.534337
CCS	-0.543096	1	-0.543096
DNAJB1	-0.551856	1	-0.551856
TUBB4A	-0.551856	1	-0.551856
RPL14	-0.551856	1	-0.551856
CDSN	-0.560616	1	-0.560616
TMCO1	-0.578135	1	-0.578135
PGAM5	-0.586895	1	-0.586895
NKRF	-0.595654	1	-0.595654
THOC2	-0.595654	1	-0.595654
PUF60	-0.595654	1	-0.595654
RPS2	-0.604414	1	-0.604414
QARS	-0.630693	1	-0.630693
PDHA1	-0.639452	1	-0.639452
MARS	-0.648212	1	-0.648212
PRPF8	-0.656972	1	-0.656972
DHX30	-0.656972	1	-0.656972
RPL34	-0.665731	1	-0.665731
GNB2L1	-0.665731	1	-0.665731
EXOSC10	-0.674491	1	-0.674491
PHB	-0.68325	1	-0.68325
HNRNPAB	-0.69201	1	-0.69201
TUBB	-0.70077	1	-0.70077
RPS16	-0.727048	1	-0.727048
TUBB4B	-0.762087	1	-0.762087
LDHA	-0.762087	1	-0.762087
IGF2BP3	-0.770847	1	-0.770847
RPL35A	-0.779606	1	-0.779606
PABPC4	-0.823404	1	-0.823404
SNRNP200	-0.832164	1	-0.832164
GNL3	-0.832164	1	-0.832164
RPS5	-0.840924	1	-0.840924
RCN1	-0.867202	1	-0.867202
CPSF7	-0.875962	1	-0.875962
TUBA1C	-0.884722	1	-0.884722
HNRNPU	-0.884722	1	-0.884722
RPN1	-0.884722	1	-0.884722
PRDX2	-0.893481	1	-0.893481
ATP5B	-0.911001	1	-0.911001
HSP90B1	-0.91976	1	-0.91976
CCDC71	-0.92852	1	-0.92852
CHD4	-0.946039	1	-0.946039
EEF2	-0.946039	1	-0.946039
GIGYF2	-0.972318	1	-0.972318
SNRPE	-0.981077	1	-0.981077
EFTUD2	-1.00736	1	-1.00736
VDAC1	-1.01612	1	-1.01612
RPS11	-1.03364	1	-1.03364
PYCR2	-1.03364	1	-1.03364
KRT17	-1.04239	1	-1.04239
ATAD3A	-1.06867	1	-1.06867
HNRNPM	-1.07743	1	-1.07743
PCK2	-1.09495	1	-1.09495
FASN	-1.09495	1	-1.09495
LARS2	-1.09495	1	-1.09495
RAB5A	-1.12123	1	-1.12123
LDHB	-1.12123	1	-1.12123
NCAPH	-1.12999	1	-1.12999
DRG1	-1.12999	1	-1.12999
PDCD6IP	-1.14751	1	-1.14751
ADD1	-1.15627	1	-1.15627
DSP	-1.16503	1	-1.16503
RPS9	-1.20883	1	-1.20883
CTPS1	-1.21759	1	-1.21759
RPS3	-1.22635	1	-1.22635
SCAMP4	-1.24387	1	-1.24387
RPL12	-1.24387	1	-1.24387
RBM15	-1.26139	1	-1.26139
MRPS11	-1.2789	1	-1.2789
SERPINH1	-1.28766	1	-1.28766
VIM	-1.29642	1	-1.29642
RPL18A	-1.30518	1	-1.30518
HSD17B10	-1.3227	1	-1.3227
VDAC3	-1.34022	1	-1.34022
PDIA4	-1.34022	1	-1.34022
RPL15	-1.35774	1	-1.35774
CCT6A	-1.35774	1	-1.35774
RAN	-1.3665	1	-1.3665
NENF	-1.4103	1	-1.4103
HNRNPF	-1.41906	1	-1.41906
SAFB	-1.41906	1	-1.41906
TRMT10C	-1.41906	1	-1.41906
DDX19A	-1.42782	1	-1.42782
PYGL	-1.43658	1	-1.43658
WDR46	-1.46286	1	-1.46286
EEF1G	-1.48914	1	-1.48914
RRP1B	-1.50665	1	-1.50665
YBX3	-1.54169	1	-1.54169
ALDH1B1	-1.56797	1	-1.56797
LARP1	-1.57673	1	-1.57673
DHCR7	-1.62929	1	-1.62929
PSMD14	-1.62929	1	-1.62929
SHMT2	-1.64681	1	-1.64681
LYPLA1	-1.68185	1	-1.68185
GART	-1.71689	1	-1.71689
PABPC1	-1.72565	1	-1.72565
PFKL	-1.74316	1	-1.74316
RPS15A	-1.78696	1	-1.78696
HSD17B4	-1.80448	1	-1.80448
SAFB2	-1.81324	1	-1.81324
ACACB	-1.81324	1	-1.81324
CAD	-1.81324	1	-1.81324
GTPBP4	-1.822	1	-1.822
VDAC2	-1.8658	1	-1.8658
SLC25A6	-1.92712	1	-1.92712
HNRNPA1	-2.10231	1	-2.10231
WDR75	-2.13735	1	-2.13735
RPS3A	-2.22494	1	-2.22494
NSDHL	-2.26874	1	-2.26874
RPL8	-2.29502	1	-2.29502
HSPA9	-2.56657	1	-2.56657
MCCC2	-2.57533	1	-2.57533
KARS	-2.68044	1	-2.68044
KRT6C	-2.69796	1	-2.69796
PC	-2.83812	1	-2.83812
TUFM	-2.92571	1	-2.92571
ALDH1L2	-2.94323	1	-2.94323
ACACA	-3.38997	1	-3.38997
SUCLA2	-3.42501	1	-3.42501
PCCA	-3.63524	1	-3.63524
PCCB	-3.94183	1	-3.94183
KRT3	-4.19586	1	-4.19586
KRT78	-4.56376	1	-4.56376
MCCC1	-4.93167	1	-4.93167
RBMX	-5.23825	1	-5.23825
