name	logFC	P.Value	t
AMBRA1	2.149	1	12.2837
MRPL17	1.901	1	10.8662
CHAF1B	1.758	1	10.0488
REPIN1	1.717	1	9.81441
TMED3	1.577	1	9.01417
TARBP1	1.565	1	8.94558
WFS1	1.545	1	8.83126
EWSR1	1.27	1	7.25935
SCD5	1.253	1	7.16218
MYST4	1.204	1	6.88209
NTHL1	1.16	1	6.63059
SIK3	1.155	1	6.60201
CAMLG	1.133	1	6.47625
EBP	1.132	1	6.47054
PEX16	1.065	1	6.08756
KRT9	1.062	1	6.07042
ATXN2	1.058	1	6.04755
TAB2	1.054	1	6.02469
SUN2	1.046	1	5.97896
MT-CO3	1.033	1	5.90465
CTH	1.027	1	5.87036
ZNF7	1.005	1	5.7446
SON	0.963	1	5.50453
SLTM	0.958	1	5.47595
CMTM4	0.952	1	5.44165
RIOK1	0.938	1	5.36163
STX12	0.925	1	5.28732
TMED2	0.912	1	5.21301
RBM10	0.886	1	5.0644
ODR4	0.879	1	5.02438
ZNF235	0.875	1	5.00152
CDKN2AIP	0.861	1	4.9215
SRRM1	0.856	1	4.89292
SGK3	0.824	1	4.71
MUTYH	0.801	1	4.57853
FOXRED2	0.763	1	4.36133
ZNF16	0.762	1	4.35561
NAF1	0.748	1	4.27559
C1ORF77	0.747	1	4.26987
HRNR	0.745	1	4.25844
ZNF420	0.713	1	4.07552
CCDC59	0.712	1	4.06981
CYBA	0.678	1	3.87546
RDH14	0.675	1	3.85832
KRT1	0.663	1	3.78972
TRIP6	0.66	1	3.77258
ZNF3	0.655	1	3.744
TBC1D5	0.648	1	3.70398
POP1	0.648	1	3.70398
RPS5	0.638	1	3.64682
THRAP3	0.637	1	3.64111
TAZ	0.634	1	3.62396
MRPS14	0.628	1	3.58966
PPIL2	0.625	1	3.57251
MLL	0.624	1	3.5668
MLLT11	0.614	1	3.50964
SEC61B	0.612	1	3.49821
RNF138	0.612	1	3.49821
ZNF571	0.601	1	3.43533
AGPAT5	0.599	1	3.4239
MLF2	0.595	1	3.40103
FLG2	0.592	1	3.38389
RBM14	0.59	1	3.37245
PRPF4B	0.589	1	3.36674
TKT	0.585	1	3.34387
PDP2	0.573	1	3.27528
GSTCD	0.573	1	3.27528
GPATCH8	0.57	1	3.25813
PCNT	0.568	1	3.2467
AGPAT4	0.565	1	3.22955
KRT14	0.564	1	3.22384
KRT16	0.561	1	3.20669
RAD9A	0.551	1	3.14953
PNKD	0.548	1	3.13238
OTUD4	0.538	1	3.07522
NDNL2	0.537	1	3.0695
POLR2J	0.536	1	3.06379
FAM126A	0.525	1	3.00091
ZNF316	0.519	1	2.96662
ANXA5	0.519	1	2.96662
COPZ1	0.518	1	2.9609
USP5	0.517	1	2.95518
TOP3B	0.515	1	2.94375
CYP20A1	0.512	1	2.9266
DDX51	0.512	1	2.9266
INTS2	0.512	1	2.9266
KRT77	0.511	1	2.92089
KRT2	0.506	1	2.89231
ANKRD27	0.504	1	2.88088
KIF21B	0.502	1	2.86944
CTNNB1	0.5	1	2.85801
SF3B14	0.5	1	2.85801
NCDN	0.498	1	2.84658
ATP6V1C1	0.485	1	2.77227
EFTUD2	0.481	1	2.74941
ZNF414	0.481	1	2.74941
C19ORF25	0.48	1	2.74369
LAGE3	0.478	1	2.73226
MCTS1	0.477	1	2.72654
DDT	0.476	1	2.72083
ZNF35	0.475	1	2.71511
KRT6C	0.471	1	2.69225
KIF1B	0.47	1	2.68653
GSG2	0.469	1	2.68081
TOP3A	0.469	1	2.68081
SNRNP70	0.468	1	2.6751
KRT10	0.467	1	2.66938
LIMA1	0.463	1	2.64652
GTSE1	0.461	1	2.63509
RPS12	0.461	1	2.63509
XRCC1	0.46	1	2.62937
EFHA1	0.459	1	2.62365
NGDN	0.457	1	2.61222
XAB2	0.457	1	2.61222
DNAJC16	0.451	1	2.57793
DDX11	0.449	1	2.56649
MAT2B	0.448	1	2.56078
MRPL44	0.444	1	2.53791
ABCF1	0.442	1	2.52648
FKBP8	0.439	1	2.50933
MAN1A2	0.438	1	2.50362
EFHD1	0.436	1	2.49219
SPATA5L1	0.435	1	2.48647
ANO10	0.432	1	2.46932
TRMT2B	0.431	1	2.46361
PREP	0.43	1	2.45789
RBMX	0.43	1	2.45789
GNS	0.428	1	2.44646
TP53I11	0.427	1	2.44074
EXD2	0.427	1	2.44074
SBSN	0.426	1	2.43503
KRT5	0.426	1	2.43503
MTCH2	0.426	1	2.43503
CPSF6	0.425	1	2.42931
ARHGAP17	0.425	1	2.42931
ZNF167	0.42	1	2.40073
ZNF860	0.42	1	2.40073
DRG1	0.419	1	2.39501
STK39	0.416	1	2.37787
SAAL1	0.415	1	2.37215
EPHA2	0.414	1	2.36643
TSPYL1	0.41	1	2.34357
PHKA1	0.409	1	2.33785
RANBP3	0.406	1	2.32071
HNRNPA1	0.405	1	2.31499
LUZP1	0.404	1	2.30927
SMCR7L	0.403	1	2.30356
TMED5	0.402	1	2.29784
COIL	0.402	1	2.29784
KIF4A	0.4	1	2.28641
CLPTM1	0.398	1	2.27498
WAPAL	0.397	1	2.26926
RPS15	0.397	1	2.26926
KBTBD11	0.395	1	2.25783
DTNB	0.395	1	2.25783
LMNB2	0.394	1	2.25211
PHKB	0.394	1	2.25211
KDM2A	0.391	1	2.23497
INF2	0.39	1	2.22925
KIAA0406	0.388	1	2.21782
U2AF1	0.388	1	2.21782
RAB31	0.388	1	2.21782
TAP1	0.386	1	2.20639
NCKIPSD	0.386	1	2.20639
PRUNE	0.381	1	2.1778
FAM125A	0.381	1	2.1778
MAP7D1	0.38	1	2.17209
HIST1H4A	0.378	1	2.16066
MT-ATP6	0.376	1	2.14922
KIDINS220	0.376	1	2.14922
HM13	0.374	1	2.13779
WDR6	0.372	1	2.12636
TOP2B	0.371	1	2.12064
RNF25	0.37	1	2.11493
DAZAP1	0.369	1	2.10921
IFRD1	0.369	1	2.10921
DYNLRB1	0.368	1	2.1035
MRPS26	0.367	1	2.09778
SDHB	0.367	1	2.09778
ABCB8	0.366	1	2.09206
IRF3	0.366	1	2.09206
SMAD3	0.366	1	2.09206
VAPA	0.365	1	2.08635
SCPEP1	0.363	1	2.07492
SH3BP4	0.359	1	2.05205
TANC1	0.359	1	2.05205
TMEM85	0.357	1	2.04062
POLR2H	0.357	1	2.04062
ATP5H	0.356	1	2.0349
COG3	0.356	1	2.0349
UTP14A	0.356	1	2.0349
PKM2	0.355	1	2.02919
RABL4	0.354	1	2.02347
PABPN1	0.354	1	2.02347
CDC42	0.353	1	2.01776
NUMA1	0.353	1	2.01776
SLC22A18	0.352	1	2.01204
EXOC6	0.349	1	1.99489
DHX35	0.348	1	1.98918
ZNF148	0.346	1	1.97774
POLR3E	0.344	1	1.96631
KRT19	0.343	1	1.9606
DNAJA2	0.343	1	1.9606
MYL12B	0.343	1	1.9606
BAZ1B	0.343	1	1.9606
ACTA2	0.341	1	1.94916
DEGS1	0.34	1	1.94345
PPM1G	0.339	1	1.93773
RRM2B	0.337	1	1.9263
MEMO1	0.335	1	1.91487
PSMA2	0.333	1	1.90344
ATAD5	0.329	1	1.88057
CDK5RAP1	0.329	1	1.88057
CAP1	0.328	1	1.87486
COG4	0.328	1	1.87486
TBC1D15	0.328	1	1.87486
RPS26	0.327	1	1.86914
DCD	0.326	1	1.86342
RUFY3	0.325	1	1.85771
ETV3	0.323	1	1.84628
SEC22B	0.323	1	1.84628
ATG4B	0.322	1	1.84056
PRR12	0.32	1	1.82913
NOL9	0.319	1	1.82341
LRRC1	0.316	1	1.80626
CDS2	0.315	1	1.80055
SMG6	0.315	1	1.80055
KIF18A	0.314	1	1.79483
TEX264	0.314	1	1.79483
GLMN	0.314	1	1.79483
AGPAT6	0.314	1	1.79483
TFDP2	0.313	1	1.78912
ATG7	0.312	1	1.7834
BBX	0.312	1	1.7834
VTN	0.311	1	1.77768
STYX	0.309	1	1.76625
KIAA1524	0.308	1	1.76054
NAP1L1	0.308	1	1.76054
GRPEL2	0.307	1	1.75482
VRK2	0.307	1	1.75482
SLC25A42	0.306	1	1.7491
LSG1	0.306	1	1.7491
TRIP12	0.306	1	1.7491
BIRC6	0.305	1	1.74339
NOP16	0.305	1	1.74339
VCP	0.304	1	1.73767
WRN	0.304	1	1.73767
ACTC1	0.303	1	1.73196
ATP6V0D1	0.302	1	1.72624
RPS28	0.302	1	1.72624
PDHX	0.301	1	1.72052
MRPS27	0.301	1	1.72052
DTX2	0.3	1	1.71481
MOXD1	0.3	1	1.71481
ENOPH1	0.3	1	1.71481
MATR3	0.3	1	1.71481
RAB18	0.299	1	1.70909
CCDC109A	0.299	1	1.70909
NDUFS3	0.299	1	1.70909
C4ORF14	0.299	1	1.70909
TRPT1	0.299	1	1.70909
FMNL3	0.298	1	1.70337
HNRNPH2	0.298	1	1.70337
HNRNPF	0.298	1	1.70337
RAB1B	0.297	1	1.69766
MRPS28	0.297	1	1.69766
KIF23	0.296	1	1.69194
A8MWD9	0.295	1	1.68623
FMNL2	0.294	1	1.68051
LPGAT1	0.294	1	1.68051
MBLAC2	0.293	1	1.67479
CDC123	0.291	1	1.66336
CDKN2A	0.29	1	1.65765
NUDT16	0.29	1	1.65765
ORMDL3	0.288	1	1.64621
ASNSD1	0.288	1	1.64621
RAB1A	0.288	1	1.64621
C1QBP	0.288	1	1.64621
GOLPH3	0.288	1	1.64621
SSR1	0.287	1	1.6405
ISCU	0.286	1	1.63478
ZNF326	0.286	1	1.63478
HNRNPH3	0.285	1	1.62907
GET4	0.281	1	1.6062
MORC3	0.28	1	1.60049
ABCF3	0.277	1	1.58334
STAT5B	0.276	1	1.57762
PRAF2	0.276	1	1.57762
VTA1	0.275	1	1.57191
TIMM50	0.275	1	1.57191
DNA2	0.274	1	1.56619
CHUK	0.273	1	1.56047
NUP85	0.273	1	1.56047
KATNA1	0.273	1	1.56047
PLEKHA7	0.272	1	1.55476
ARL10	0.272	1	1.55476
INPP1	0.271	1	1.54904
RRM2	0.27	1	1.54333
RAB3GAP1	0.27	1	1.54333
POM121C	0.268	1	1.53189
IMP4	0.268	1	1.53189
TRMT11	0.268	1	1.53189
EIF2B2	0.268	1	1.53189
VPS18	0.267	1	1.52618
EYA3	0.266	1	1.52046
TUBGCP3	0.266	1	1.52046
SENP8	0.266	1	1.52046
TAF6L	0.265	1	1.51475
MT-ND2	0.265	1	1.51475
MSI2	0.264	1	1.50903
UHRF1	0.264	1	1.50903
PXN	0.264	1	1.50903
NUBP2	0.264	1	1.50903
KIAA1033	0.263	1	1.50331
CPVL	0.262	1	1.4976
U2AF2	0.262	1	1.4976
SMARCD1	0.262	1	1.4976
CDC34	0.261	1	1.49188
RAB11FIP2	0.261	1	1.49188
ACAT1	0.261	1	1.49188
PPP1CC	0.259	1	1.48045
MKI67IP	0.258	1	1.47473
DUSP11	0.257	1	1.46902
HDDC3	0.257	1	1.46902
AK1	0.257	1	1.46902
LATS1	0.256	1	1.4633
TBC1D7	0.256	1	1.4633
TIMM23	0.255	1	1.45759
TNPO3	0.255	1	1.45759
NCAPG	0.255	1	1.45759
MRPS21	0.254	1	1.45187
PUS1	0.254	1	1.45187
LRCH3	0.254	1	1.45187
KCMF1	0.254	1	1.45187
PGAM5	0.253	1	1.44615
C14ORF102	0.253	1	1.44615
STUB1	0.253	1	1.44615
WDTC1	0.252	1	1.44044
LRWD1	0.252	1	1.44044
UBXN7	0.252	1	1.44044
MYH10	0.251	1	1.43472
PAPSS2	0.251	1	1.43472
NEFL	0.25	1	1.42901
DDX5	0.249	1	1.42329
ERCC2	0.248	1	1.41757
ATG3	0.248	1	1.41757
KIF1C	0.247	1	1.41186
MPG	0.247	1	1.41186
TNRC6B	0.247	1	1.41186
CDC45	0.247	1	1.41186
FTSJ3	0.246	1	1.40614
TAP2	0.244	1	1.39471
RPRD2	0.244	1	1.39471
CDC7	0.243	1	1.38899
PBRM1	0.243	1	1.38899
HEATR6	0.243	1	1.38899
AGPS	0.242	1	1.38328
RSU1	0.242	1	1.38328
PCCB	0.241	1	1.37756
ACO2	0.241	1	1.37756
ZNF624	0.24	1	1.37185
ZNF286A	0.24	1	1.37185
ZNF184	0.24	1	1.37185
HPS6	0.24	1	1.37185
BRP44L	0.239	1	1.36613
VPS16	0.239	1	1.36613
PATZ1	0.238	1	1.36041
PTGES3	0.237	1	1.3547
NME4	0.236	1	1.34898
GPR50	0.236	1	1.34898
ZKSCAN1	0.236	1	1.34898
MYH9	0.235	1	1.34327
TAB1	0.235	1	1.34327
EIF2AK2	0.235	1	1.34327
STK19	0.235	1	1.34327
ARL6IP5	0.234	1	1.33755
RAB7A	0.234	1	1.33755
LIG1	0.234	1	1.33755
CCDC109B	0.233	1	1.33183
NDUFA13	0.233	1	1.33183
TAF9B	0.233	1	1.33183
HEATR3	0.23	1	1.31469
PPP2R1B	0.23	1	1.31469
TTRAP	0.23	1	1.31469
HNRNPA3	0.229	1	1.30897
LSM4	0.229	1	1.30897
LUC7L2	0.228	1	1.30325
CWC22	0.227	1	1.29754
SLC2A1	0.227	1	1.29754
ATIC	0.225	1	1.28611
COX7A2	0.225	1	1.28611
RANBP6	0.225	1	1.28611
UBE4A	0.225	1	1.28611
STOML2	0.224	1	1.28039
PNPLA6	0.224	1	1.28039
RBM17	0.224	1	1.28039
ARL1	0.222	1	1.26896
GLYR1	0.221	1	1.26324
NOP58	0.221	1	1.26324
SKIV2L	0.221	1	1.26324
TFDP1	0.221	1	1.26324
DDX20	0.22	1	1.25753
UTP15	0.22	1	1.25753
POLR2E	0.22	1	1.25753
RBM12B	0.219	1	1.25181
ZW10	0.219	1	1.25181
ATP5A1	0.219	1	1.25181
DDX17	0.219	1	1.25181
CDC37	0.219	1	1.25181
SLC33A1	0.219	1	1.25181
QIL1	0.219	1	1.25181
TMEM126A	0.218	1	1.24609
PAPOLG	0.218	1	1.24609
HAGH	0.218	1	1.24609
MCM7	0.218	1	1.24609
FDXR	0.217	1	1.24038
ERAP1	0.217	1	1.24038
EXOC1	0.217	1	1.24038
RPL10	0.216	1	1.23466
LPCAT1	0.216	1	1.23466
SNX33	0.216	1	1.23466
AHCTF1	0.216	1	1.23466
MYO1E	0.216	1	1.23466
RHOG	0.215	1	1.22895
TTC13	0.215	1	1.22895
SMCHD1	0.215	1	1.22895
PPP2R5C	0.215	1	1.22895
DOLPP1	0.215	1	1.22895
CLPP	0.214	1	1.22323
DULLARD	0.213	1	1.21751
ATPAF2	0.213	1	1.21751
SMARCB1	0.213	1	1.21751
SQLE	0.212	1	1.2118
GTF2H1	0.212	1	1.2118
KIF5C	0.211	1	1.20608
LARP1	0.211	1	1.20608
ATP2B4	0.21	1	1.20036
MDC1	0.21	1	1.20036
ETFA	0.21	1	1.20036
DNM1L	0.21	1	1.20036
TMEM97	0.209	1	1.19465
PCGF5	0.209	1	1.19465
CDC20	0.208	1	1.18893
XPNPEP1	0.208	1	1.18893
DSG2	0.207	1	1.18322
VRK3	0.207	1	1.18322
BCR	0.207	1	1.18322
HAT1	0.207	1	1.18322
PTPRF	0.206	1	1.1775
TBCD	0.206	1	1.1775
SLC1A5	0.206	1	1.1775
MUT	0.205	1	1.17178
PDIA6	0.205	1	1.17178
MCM4	0.204	1	1.16607
APEX1	0.204	1	1.16607
TRMT112	0.203	1	1.16035
DAK	0.203	1	1.16035
IFRD2	0.203	1	1.16035
HNRPLL	0.202	1	1.15464
HNRNPD	0.202	1	1.15464
PC	0.202	1	1.15464
PSMD1	0.202	1	1.15464
DKC1	0.201	1	1.14892
TIGAR	0.199	1	1.13749
UQCRFS1	0.199	1	1.13749
EIF3M	0.199	1	1.13749
PIGN	0.199	1	1.13749
VIM	0.198	1	1.13177
NUP37	0.198	1	1.13177
CEP55	0.197	1	1.12606
PRKAR2B	0.197	1	1.12606
DHX57	0.196	1	1.12034
RPAP1	0.195	1	1.11462
KIF13B	0.195	1	1.11462
EIF6	0.195	1	1.11462
C17ORF42	0.195	1	1.11462
NAA40	0.194	1	1.10891
ATM	0.193	1	1.10319
RPS29	0.193	1	1.10319
MED23	0.193	1	1.10319
CBX3	0.193	1	1.10319
NUPL2	0.193	1	1.10319
RPL37	0.192	1	1.09748
LBR	0.192	1	1.09748
RAB8A	0.192	1	1.09748
MON2	0.192	1	1.09748
RBM6	0.192	1	1.09748
TSFM	0.192	1	1.09748
SNX8	0.192	1	1.09748
SARS2	0.191	1	1.09176
ATP2B1	0.191	1	1.09176
RAD50	0.191	1	1.09176
MTA1	0.19	1	1.08604
PAN3	0.19	1	1.08604
C16ORF62	0.19	1	1.08604
ACTB	0.189	1	1.08033
COX4NB	0.189	1	1.08033
G3BP1	0.189	1	1.08033
DYNLT1	0.189	1	1.08033
ZNF385A	0.189	1	1.08033
GNL1	0.188	1	1.07461
AHSA1	0.188	1	1.07461
KIAA0100	0.187	1	1.0689
KIAA1012	0.187	1	1.0689
FBXO7	0.187	1	1.0689
UBXN6	0.187	1	1.0689
SEC61A1	0.186	1	1.06318
TTC39A	0.186	1	1.06318
SPATA2	0.185	1	1.05746
RAP1A	0.185	1	1.05746
GSK3B	0.185	1	1.05746
PRDX4	0.185	1	1.05746
TRAF3IP2	0.184	1	1.05175
PRDX6	0.184	1	1.05175
BYSL	0.183	1	1.04603
ACACA	0.183	1	1.04603
GRB10	0.183	1	1.04603
ARVCF	0.183	1	1.04603
TTC21B	0.183	1	1.04603
KIF5B	0.182	1	1.04032
GPX1	0.182	1	1.04032
ZNF828	0.181	1	1.0346
ARMC10	0.181	1	1.0346
TYK2	0.181	1	1.0346
PPP4C	0.181	1	1.0346
GPR89A	0.18	1	1.02888
STK11IP	0.179	1	1.02317
ATP6AP2	0.179	1	1.02317
GCDH	0.179	1	1.02317
FUS	0.178	1	1.01745
CYFIP1	0.178	1	1.01745
PHLDB2	0.177	1	1.01174
VPS52	0.177	1	1.01174
KIF18B	0.177	1	1.01174
TBC1D10B	0.176	1	1.00602
GPS1	0.176	1	1.00602
UBE2L3	0.176	1	1.00602
ARHGDIA	0.176	1	1.00602
SNAP47	0.176	1	1.00602
DUT	0.175	1	1.0003
UBE2E1	0.175	1	1.0003
MAGT1	0.174	1	0.994588
PDXDC1	0.174	1	0.994588
RAB3D	0.174	1	0.994588
RAB9A	0.173	1	0.988872
YME1L1	0.173	1	0.988872
PDS5A	0.173	1	0.988872
SEC23A	0.172	1	0.983156
ANAPC1	0.172	1	0.983156
AP2S1	0.171	1	0.97744
ZNHIT6	0.17	1	0.971724
FAM48A	0.17	1	0.971724
OXSR1	0.17	1	0.971724
HECTD3	0.17	1	0.971724
RAB22A	0.169	1	0.966008
RHOA	0.169	1	0.966008
MED20	0.169	1	0.966008
DDX54	0.169	1	0.966008
RPS8	0.169	1	0.966008
WDR75	0.169	1	0.966008
GFPT1	0.169	1	0.966008
EPT1	0.169	1	0.966008
DDX21	0.168	1	0.960292
PPIB	0.168	1	0.960292
RMND1	0.168	1	0.960292
ADPRHL2	0.167	1	0.954576
GRAMD1A	0.166	1	0.94886
ZNF362	0.166	1	0.94886
LEMD3	0.166	1	0.94886
RAB11B	0.166	1	0.94886
TAF1C	0.166	1	0.94886
PIK3R4	0.166	1	0.94886
YWHAZ	0.165	1	0.943144
PTCD3	0.165	1	0.943144
PRIM2	0.165	1	0.943144
IPO5	0.165	1	0.943144
NDUFS8	0.165	1	0.943144
FRMD6	0.165	1	0.943144
PAPD7	0.164	1	0.937428
RFC4	0.164	1	0.937428
EPB41L5	0.164	1	0.937428
SNTA1	0.164	1	0.937428
MCM3AP	0.164	1	0.937428
FASTKD2	0.164	1	0.937428
CLCN7	0.163	1	0.931712
GRWD1	0.163	1	0.931712
THUMPD2	0.163	1	0.931712
POLR2C	0.162	1	0.925996
FLOT2	0.162	1	0.925996
RICTOR	0.162	1	0.925996
RAB8B	0.161	1	0.92028
OAT	0.161	1	0.92028
PARK7	0.161	1	0.92028
CCT2	0.161	1	0.92028
HTATSF1	0.16	1	0.914564
GLTSCR2	0.16	1	0.914564
HNRNPC	0.16	1	0.914564
NUPL1	0.16	1	0.914564
RFX1	0.16	1	0.914564
DCLK1	0.16	1	0.914564
ERGIC2	0.16	1	0.914564
PET112L	0.16	1	0.914564
PDE12	0.16	1	0.914564
CBX8	0.159	1	0.908848
FAR1	0.159	1	0.908848
MRPS30	0.159	1	0.908848
KPNA5	0.159	1	0.908848
C7ORF10	0.159	1	0.908848
ZNF195	0.158	1	0.903132
CDC42BPA	0.158	1	0.903132
ZC3H11A	0.158	1	0.903132
RPS27L	0.158	1	0.903132
HSPA2	0.158	1	0.903132
NXN	0.158	1	0.903132
ZMYM1	0.158	1	0.903132
RAP2B	0.157	1	0.897416
SNRPD3	0.157	1	0.897416
DALRD3	0.156	1	0.8917
PIGU	0.156	1	0.8917
PHF8	0.156	1	0.8917
KIAA0664	0.156	1	0.8917
MARS2	0.156	1	0.8917
C14ORF166	0.156	1	0.8917
MBNL3	0.155	1	0.885984
SRRM2	0.155	1	0.885984
MBNL1	0.155	1	0.885984
RBM39	0.155	1	0.885984
EHD4	0.155	1	0.885984
HIBCH	0.154	1	0.880268
SFPQ	0.154	1	0.880268
PIP5K1A	0.154	1	0.880268
URB1	0.154	1	0.880268
HNRNPAB	0.153	1	0.874552
CARS	0.153	1	0.874552
JAGN1	0.153	1	0.874552
LMNA	0.152	1	0.868836
SKIV2L2	0.152	1	0.868836
SCFD1	0.152	1	0.868836
PALLD	0.152	1	0.868836
SF3B1	0.151	1	0.86312
DDX18	0.151	1	0.86312
KPNB1	0.151	1	0.86312
RPLP1	0.151	1	0.86312
POLR3B	0.15	1	0.857404
CLPTM1L	0.15	1	0.857404
GNA13	0.15	1	0.857404
AARS2	0.15	1	0.857404
UGGT1	0.15	1	0.857404
NDUFS7	0.149	1	0.851687
ECHDC1	0.149	1	0.851687
IPO4	0.149	1	0.851687
SLC25A20	0.148	1	0.845971
SMC3	0.148	1	0.845971
EIF4G1	0.148	1	0.845971
KIF3B	0.147	1	0.840255
EIF2AK4	0.147	1	0.840255
EIF4E	0.147	1	0.840255
FOXK1	0.147	1	0.840255
LONP2	0.147	1	0.840255
RPL31	0.146	1	0.834539
ATPAF1	0.146	1	0.834539
PSMC4	0.146	1	0.834539
CANX	0.146	1	0.834539
RAB5C	0.146	1	0.834539
ATP5C1	0.145	1	0.828823
NPM1	0.145	1	0.828823
LENG8	0.145	1	0.828823
TBC1D9B	0.145	1	0.828823
MTHFD1L	0.144	1	0.823107
NSF	0.144	1	0.823107
CECR5	0.144	1	0.823107
PEX3	0.143	1	0.817391
SEC11A	0.143	1	0.817391
PIGA	0.143	1	0.817391
GCAT	0.143	1	0.817391
ARHGEF11	0.142	1	0.811675
PEX11B	0.142	1	0.811675
UTP6	0.142	1	0.811675
PRPF3	0.142	1	0.811675
BUB1B	0.142	1	0.811675
AUP1	0.141	1	0.805959
NME7	0.141	1	0.805959
HARS2	0.141	1	0.805959
CPSF7	0.141	1	0.805959
GINS1	0.141	1	0.805959
FHOD1	0.141	1	0.805959
HSDL2	0.141	1	0.805959
DPCD	0.14	1	0.800243
SETD1A	0.14	1	0.800243
YIF1A	0.14	1	0.800243
ATP5B	0.14	1	0.800243
RAB38	0.14	1	0.800243
VCPIP1	0.139	1	0.794527
ZIC3	0.139	1	0.794527
SEC16A	0.139	1	0.794527
RFK	0.139	1	0.794527
KDM3B	0.139	1	0.794527
HSPA1A	0.139	1	0.794527
DNAJA3	0.139	1	0.794527
RPLP2	0.138	1	0.788811
ERCC1	0.138	1	0.788811
ECSIT	0.138	1	0.788811
SERBP1	0.137	1	0.783095
THADA	0.137	1	0.783095
CDC25C	0.137	1	0.783095
NOSIP	0.137	1	0.783095
ABCC4	0.137	1	0.783095
FLAD1	0.137	1	0.783095
GFM2	0.137	1	0.783095
PCGF1	0.137	1	0.783095
FUCA2	0.137	1	0.783095
DRG2	0.137	1	0.783095
RAB34	0.137	1	0.783095
BAZ1A	0.136	1	0.777379
HLA-B	0.136	1	0.777379
NDUFC2	0.136	1	0.777379
RAB10	0.136	1	0.777379
PTPRS	0.136	1	0.777379
MAZ	0.135	1	0.771663
YTHDF2	0.135	1	0.771663
PAPSS1	0.135	1	0.771663
TRIM28	0.135	1	0.771663
RAB14	0.135	1	0.771663
INTS10	0.135	1	0.771663
FNDC3A	0.135	1	0.771663
RNGTT	0.135	1	0.771663
VPS13C	0.135	1	0.771663
LDLRAP1	0.135	1	0.771663
RAB3B	0.134	1	0.765947
RAB12	0.134	1	0.765947
TMUB1	0.134	1	0.765947
PSMD2	0.134	1	0.765947
RAB43	0.134	1	0.765947
SNRPC	0.134	1	0.765947
GBA	0.134	1	0.765947
WASL	0.134	1	0.765947
YWHAB	0.133	1	0.760231
RPS27	0.133	1	0.760231
MSH6	0.133	1	0.760231
FLOT1	0.133	1	0.760231
ATXN10	0.133	1	0.760231
ARMC9	0.133	1	0.760231
COASY	0.133	1	0.760231
TSGA14	0.132	1	0.754515
DSP	0.132	1	0.754515
ECT2	0.132	1	0.754515
C1ORF103	0.132	1	0.754515
MCCC1	0.132	1	0.754515
NUP35	0.132	1	0.754515
CNDP2	0.132	1	0.754515
LARP4B	0.132	1	0.754515
GATAD2B	0.131	1	0.748799
ORC2L	0.131	1	0.748799
DNAJC7	0.131	1	0.748799
HSPA8	0.131	1	0.748799
TARS2	0.13	1	0.743083
MRPL22	0.13	1	0.743083
SRP68	0.13	1	0.743083
EIF4E2	0.13	1	0.743083
RAB35	0.129	1	0.737367
ESYT1	0.129	1	0.737367
INTS8	0.129	1	0.737367
PHLDA3	0.129	1	0.737367
CPEB4	0.129	1	0.737367
GLS	0.129	1	0.737367
EIF3L	0.129	1	0.737367
ZNF71	0.128	1	0.731651
ARL6IP6	0.128	1	0.731651
FXR1	0.128	1	0.731651
DIAPH3	0.128	1	0.731651
CMPK1	0.128	1	0.731651
PPP2R5D	0.128	1	0.731651
YWHAE	0.127	1	0.725935
CCT4	0.127	1	0.725935
VAMP7	0.127	1	0.725935
C3ORF58	0.127	1	0.725935
SLC27A4	0.127	1	0.725935
PEX10	0.126	1	0.720219
RAB13	0.126	1	0.720219
KRT18	0.125	1	0.714503
TOP2A	0.125	1	0.714503
HDDC2	0.125	1	0.714503
EARS2	0.125	1	0.714503
SAMHD1	0.125	1	0.714503
DYNC1LI2	0.125	1	0.714503
USP36	0.124	1	0.708787
CNOT1	0.124	1	0.708787
TMED10	0.124	1	0.708787
ST13	0.124	1	0.708787
ARF1	0.124	1	0.708787
CLN8	0.124	1	0.708787
SFRS9	0.123	1	0.703071
URB2	0.123	1	0.703071
PLK1	0.123	1	0.703071
AQR	0.123	1	0.703071
MOCS3	0.123	1	0.703071
ZNF512B	0.123	1	0.703071
CHTF18	0.122	1	0.697355
HEATR5B	0.122	1	0.697355
INTS9	0.122	1	0.697355
SLC25A13	0.122	1	0.697355
SMG7	0.121	1	0.691639
DMD	0.121	1	0.691639
APPL1	0.121	1	0.691639
ERLIN1	0.121	1	0.691639
CBARA1	0.121	1	0.691639
ACACB	0.121	1	0.691639
OSBPL8	0.12	1	0.685923
ACAA1	0.12	1	0.685923
COBRA1	0.12	1	0.685923
TTC38	0.12	1	0.685923
RSAD1	0.119	1	0.680207
PHF3	0.119	1	0.680207
PTPN1	0.119	1	0.680207
NCBP2	0.119	1	0.680207
KIF2A	0.118	1	0.674491
SLC7A1	0.118	1	0.674491
FLII	0.118	1	0.674491
PRKAG1	0.118	1	0.674491
MAPK1	0.118	1	0.674491
FAF2	0.118	1	0.674491
NUP62	0.118	1	0.674491
LUC7L	0.117	1	0.668775
SOAT1	0.117	1	0.668775
PGM3	0.116	1	0.663059
GEMIN4	0.116	1	0.663059
PAPOLA	0.116	1	0.663059
SSR4	0.116	1	0.663059
MYST2	0.116	1	0.663059
RPS23	0.115	1	0.657343
SSRP1	0.115	1	0.657343
NUP205	0.115	1	0.657343
ATP2A2	0.115	1	0.657343
IDE	0.115	1	0.657343
ADNP	0.114	1	0.651627
ATG9A	0.114	1	0.651627
DHX9	0.114	1	0.651627
NDRG1	0.114	1	0.651627
ILK	0.114	1	0.651627
AIFM1	0.114	1	0.651627
EIF2B1	0.114	1	0.651627
PRKRA	0.114	1	0.651627
GPR180	0.113	1	0.645911
WWP2	0.113	1	0.645911
MKRN2	0.113	1	0.645911
NLRX1	0.113	1	0.645911
CDC16	0.112	1	0.640195
MDN1	0.112	1	0.640195
YARS2	0.112	1	0.640195
ETFB	0.112	1	0.640195
KIF2C	0.112	1	0.640195
USP16	0.112	1	0.640195
STEAP3	0.112	1	0.640195
SEC61A2	0.111	1	0.634479
TH1L	0.111	1	0.634479
NOMO1	0.111	1	0.634479
ATAD3B	0.111	1	0.634479
SEC23B	0.111	1	0.634479
NR2F2	0.111	1	0.634479
DHRS7B	0.11	1	0.628763
TTLL12	0.11	1	0.628763
MTX1	0.11	1	0.628763
FNDC3B	0.109	1	0.623047
ILF2	0.109	1	0.623047
SPG20	0.109	1	0.623047
TRIM25	0.109	1	0.623047
AKAP10	0.109	1	0.623047
KIF1A	0.109	1	0.623047
MAPRE2	0.109	1	0.623047
C4ORF27	0.109	1	0.623047
CS	0.108	1	0.617331
RG9MTD1	0.108	1	0.617331
POLE	0.108	1	0.617331
CPT1A	0.108	1	0.617331
PLEKHA5	0.107	1	0.611615
AKAP8L	0.107	1	0.611615
MRPL39	0.107	1	0.611615
HSPA5	0.107	1	0.611615
SNRPD1	0.107	1	0.611615
PIGS	0.107	1	0.611615
TP53	0.106	1	0.605898
NUP160	0.106	1	0.605898
MFN1	0.106	1	0.605898
FANCI	0.106	1	0.605898
C19ORF68	0.106	1	0.605898
PYGB	0.106	1	0.605898
CRNKL1	0.105	1	0.600182
MCCC2	0.105	1	0.600182
PRDX3	0.105	1	0.600182
FXR2	0.105	1	0.600182
UCK2	0.105	1	0.600182
COG7	0.105	1	0.600182
NEFM	0.104	1	0.594466
INA	0.104	1	0.594466
FANCG	0.104	1	0.594466
PARN	0.104	1	0.594466
PPP1CA	0.103	1	0.58875
NME2	0.103	1	0.58875
PPP1CB	0.103	1	0.58875
ELMO2	0.103	1	0.58875
PTDSS2	0.103	1	0.58875
UBAC2	0.103	1	0.58875
DDX55	0.103	1	0.58875
PON2	0.103	1	0.58875
FAM49A	0.103	1	0.58875
YTHDC1	0.102	1	0.583034
CHD4	0.102	1	0.583034
RPN2	0.102	1	0.583034
AP4S1	0.102	1	0.583034
PRPF6	0.101	1	0.577318
KPNA3	0.101	1	0.577318
ZMYND8	0.101	1	0.577318
SCD	0.1	1	0.571602
LYN	0.1	1	0.571602
TMEM126B	0.1	1	0.571602
FAM108B1	0.1	1	0.571602
CDKAL1	0.1	1	0.571602
ZNF223	0.099	1	0.565886
ZNF234	0.099	1	0.565886
GLRX3	0.099	1	0.565886
TRAM1	0.099	1	0.565886
CTSB	0.099	1	0.565886
CAPN1	0.099	1	0.565886
RAB5A	0.099	1	0.565886
SCAMP2	0.098	1	0.56017
HSD17B10	0.098	1	0.56017
SLC30A6	0.098	1	0.56017
STT3A	0.098	1	0.56017
HSP90B1	0.098	1	0.56017
GLUD1	0.098	1	0.56017
42249	0.098	1	0.56017
ATP6AP1	0.098	1	0.56017
DNAJB6	0.098	1	0.56017
MAP4	0.097	1	0.554454
REEP4	0.097	1	0.554454
CYP2S1	0.097	1	0.554454
NCLN	0.097	1	0.554454
GTF2H4	0.097	1	0.554454
RARS2	0.097	1	0.554454
TTC37	0.097	1	0.554454
LEPRE1	0.097	1	0.554454
STAT3	0.097	1	0.554454
POLR1C	0.096	1	0.548738
DNAJA1	0.096	1	0.548738
KDM4A	0.096	1	0.548738
FIP1L1	0.096	1	0.548738
CFL1	0.096	1	0.548738
RAB7L1	0.096	1	0.548738
ITM2C	0.096	1	0.548738
GNPAT	0.095	1	0.543022
ACOT9	0.095	1	0.543022
DDX50	0.095	1	0.543022
HIST1H2BK	0.095	1	0.543022
BCKDHB	0.095	1	0.543022
SFRS14	0.095	1	0.543022
NOL11	0.095	1	0.543022
ARF5	0.095	1	0.543022
CLIC4	0.094	1	0.537306
ATL2	0.094	1	0.537306
KRT8	0.094	1	0.537306
ZBTB10	0.094	1	0.537306
VDAC1	0.094	1	0.537306
PCCA	0.094	1	0.537306
MED24	0.094	1	0.537306
OXCT1	0.094	1	0.537306
MAPK3	0.094	1	0.537306
PRKD1	0.093	1	0.53159
DHTKD1	0.093	1	0.53159
SETX	0.093	1	0.53159
NAA50	0.093	1	0.53159
CFL2	0.093	1	0.53159
SLC16A1	0.092	1	0.525874
NUP155	0.092	1	0.525874
BTAF1	0.092	1	0.525874
TFIP11	0.092	1	0.525874
TOMM22	0.092	1	0.525874
CCDC47	0.092	1	0.525874
PDHA1	0.091	1	0.520158
RANBP2	0.091	1	0.520158
CNN2	0.091	1	0.520158
MTR	0.091	1	0.520158
SLC30A9	0.09	1	0.514442
TPT1	0.09	1	0.514442
LAP3	0.09	1	0.514442
UBXN1	0.09	1	0.514442
XPO5	0.09	1	0.514442
ISYNA1	0.09	1	0.514442
CHMP2B	0.089	1	0.508726
SRP9	0.089	1	0.508726
SHMT2	0.089	1	0.508726
MCM3	0.089	1	0.508726
HUWE1	0.089	1	0.508726
GTPBP4	0.088	1	0.50301
CAPZA1	0.088	1	0.50301
DAD1	0.088	1	0.50301
ABCB10	0.088	1	0.50301
CDC73	0.088	1	0.50301
NET1	0.088	1	0.50301
USP11	0.088	1	0.50301
RAB39	0.087	1	0.497294
MAPK14	0.087	1	0.497294
GTF2B	0.087	1	0.497294
EMD	0.086	1	0.491578
NAT10	0.086	1	0.491578
CCT6A	0.086	1	0.491578
DAGLB	0.086	1	0.491578
EI24	0.085	1	0.485862
KIF11	0.085	1	0.485862
MACROD1	0.085	1	0.485862
ABT1	0.085	1	0.485862
SCAMP3	0.085	1	0.485862
PAFAH1B2	0.085	1	0.485862
ERI1	0.085	1	0.485862
PGS1	0.085	1	0.485862
RRP12	0.084	1	0.480146
KIF3A	0.084	1	0.480146
MRPS6	0.084	1	0.480146
TAF9	0.084	1	0.480146
EIF3A	0.084	1	0.480146
NDUFV1	0.084	1	0.480146
PSMA5	0.084	1	0.480146
TARSL2	0.083	1	0.47443
RPL11	0.083	1	0.47443
ERLIN2	0.083	1	0.47443
TMTC3	0.083	1	0.47443
CPSF2	0.083	1	0.47443
NUP133	0.083	1	0.47443
MRPL28	0.083	1	0.47443
H2AFZ	0.082	1	0.468714
RBBP6	0.082	1	0.468714
PTPN23	0.082	1	0.468714
SUMO1	0.081	1	0.462998
POLR1A	0.081	1	0.462998
MCM2	0.081	1	0.462998
PIR	0.081	1	0.462998
HELLS	0.08	1	0.457282
MSH2	0.08	1	0.457282
HEATR1	0.08	1	0.457282
NR2F6	0.08	1	0.457282
KIAA0391	0.079	1	0.451566
EIF2B3	0.079	1	0.451566
SFRS3	0.079	1	0.451566
SC4MOL	0.079	1	0.451566
SMARCAD1	0.078	1	0.44585
PSME4	0.078	1	0.44585
PDHB	0.078	1	0.44585
WARS	0.078	1	0.44585
ZNF354A	0.077	1	0.440134
ZNF480	0.077	1	0.440134
MCM6	0.077	1	0.440134
OCRL	0.077	1	0.440134
UBE3A	0.077	1	0.440134
DIAPH1	0.077	1	0.440134
HNRNPU	0.076	1	0.434418
SLC25A25	0.076	1	0.434418
TAF4	0.076	1	0.434418
INTS5	0.076	1	0.434418
TOE1	0.076	1	0.434418
SRP54	0.076	1	0.434418
CCT3	0.076	1	0.434418
HBS1L	0.075	1	0.428702
PRDX1	0.075	1	0.428702
ARCN1	0.075	1	0.428702
PRDX5	0.075	1	0.428702
GNAS	0.075	1	0.428702
GPSM1	0.075	1	0.428702
TMLHE	0.075	1	0.428702
NRAS	0.074	1	0.422986
ARMCX3	0.074	1	0.422986
KPNA6	0.074	1	0.422986
HADHA	0.074	1	0.422986
AARS	0.074	1	0.422986
NVL	0.074	1	0.422986
GAK	0.074	1	0.422986
GXYLT1	0.073	1	0.41727
LMNB1	0.073	1	0.41727
NOM1	0.073	1	0.41727
GPX8	0.073	1	0.41727
CEBPZ	0.073	1	0.41727
CTSD	0.073	1	0.41727
EFHD2	0.073	1	0.41727
PSMF1	0.072	1	0.411554
PSMD12	0.072	1	0.411554
ATAD3A	0.072	1	0.411554
METTL8	0.072	1	0.411554
RUVBL2	0.071	1	0.405838
ACLY	0.071	1	0.405838
JAK1	0.071	1	0.405838
FUBP3	0.071	1	0.405838
ALG5	0.071	1	0.405838
ABHD13	0.071	1	0.405838
PRMT3	0.071	1	0.405838
SF1	0.071	1	0.405838
TECR	0.07	1	0.400122
PLCG1	0.07	1	0.400122
DPM1	0.07	1	0.400122
POLR2A	0.07	1	0.400122
OTUB1	0.069	1	0.394406
G6PD	0.069	1	0.394406
PRKD2	0.068	1	0.38869
ZNF24	0.068	1	0.38869
TARDBP	0.068	1	0.38869
RAB2A	0.068	1	0.38869
EDC3	0.067	1	0.382974
ATP6V1H	0.067	1	0.382974
TAF6	0.067	1	0.382974
PCNA	0.067	1	0.382974
NSDHL	0.067	1	0.382974
SLC38A2	0.067	1	0.382974
RPL19	0.066	1	0.377258
HAX1	0.066	1	0.377258
MPDU1	0.066	1	0.377258
ASCC3	0.066	1	0.377258
HIST1H2BJ	0.066	1	0.377258
PNKP	0.066	1	0.377258
PSMD13	0.066	1	0.377258
MYO19	0.066	1	0.377258
EIF4ENIF1	0.066	1	0.377258
SMG5	0.065	1	0.371542
HSDL1	0.065	1	0.371542
L2HGDH	0.065	1	0.371542
ZNF76	0.064	1	0.365825
CLPB	0.064	1	0.365825
SRRT	0.064	1	0.365825
ERBB2IP	0.064	1	0.365825
NUP210	0.064	1	0.365825
NUP93	0.064	1	0.365825
CSE1L	0.064	1	0.365825
CTR9	0.064	1	0.365825
NCAPG2	0.064	1	0.365825
RPL18	0.064	1	0.365825
SKP2	0.064	1	0.365825
ELAVL1	0.063	1	0.360109
DDX3X	0.063	1	0.360109
SLC25A5	0.063	1	0.360109
RNASEH2A	0.063	1	0.360109
SBNO1	0.063	1	0.360109
TBK1	0.063	1	0.360109
C22ORF28	0.063	1	0.360109
ELP3	0.063	1	0.360109
TP53BP2	0.063	1	0.360109
HNRNPM	0.062	1	0.354393
INPP5K	0.062	1	0.354393
GNL2	0.062	1	0.354393
ACTR5	0.062	1	0.354393
NXF1	0.061	1	0.348677
RAB2B	0.061	1	0.348677
MED16	0.061	1	0.348677
MRI1	0.061	1	0.348677
DDX1	0.061	1	0.348677
DGKE	0.061	1	0.348677
SLC30A7	0.06	1	0.342961
MARK1	0.06	1	0.342961
TBL2	0.06	1	0.342961
RPUSD3	0.06	1	0.342961
LRPPRC	0.06	1	0.342961
FOXRED1	0.06	1	0.342961
PARVA	0.06	1	0.342961
RPL12	0.06	1	0.342961
BAT2L1	0.06	1	0.342961
BCLAF1	0.059	1	0.337245
CBX4	0.059	1	0.337245
INTS7	0.059	1	0.337245
SEC24A	0.059	1	0.337245
HSPB1	0.058	1	0.331529
BCKDHA	0.058	1	0.331529
RNPEP	0.058	1	0.331529
METTL13	0.057	1	0.325813
ADI1	0.057	1	0.325813
HEATR2	0.057	1	0.325813
RAB6A	0.057	1	0.325813
SYMPK	0.057	1	0.325813
ACSF3	0.056	1	0.320097
STAG2	0.056	1	0.320097
ACAD9	0.056	1	0.320097
CDK18	0.056	1	0.320097
SLC25A4	0.055	1	0.314381
TYMS	0.055	1	0.314381
CKAP5	0.055	1	0.314381
ABCD3	0.055	1	0.314381
GLDC	0.054	1	0.308665
STARD9	0.054	1	0.308665
FARS2	0.054	1	0.308665
VPS35	0.054	1	0.308665
IRAK1	0.054	1	0.308665
C6ORF211	0.054	1	0.308665
TTC28	0.053	1	0.302949
MBD3	0.053	1	0.302949
PHB	0.053	1	0.302949
OPA1	0.053	1	0.302949
DNPEP	0.053	1	0.302949
ARL8B	0.052	1	0.297233
SND1	0.052	1	0.297233
PSMD14	0.052	1	0.297233
NOL6	0.052	1	0.297233
NUDCD2	0.052	1	0.297233
ERCC4	0.051	1	0.291517
RB1	0.051	1	0.291517
LAS1L	0.051	1	0.291517
SFRS17A	0.051	1	0.291517
THOC2	0.051	1	0.291517
NUDT1	0.051	1	0.291517
SEC24B	0.051	1	0.291517
MTOR	0.051	1	0.291517
NBEA	0.051	1	0.291517
FN1	0.051	1	0.291517
RPL18A	0.05	1	0.285801
ATP2C1	0.05	1	0.285801
CDK4	0.05	1	0.285801
GGH	0.049	1	0.280085
CTNND1	0.049	1	0.280085
PAXIP1	0.049	1	0.280085
CDK11B	0.049	1	0.280085
AURKB	0.048	1	0.274369
SAPS3	0.048	1	0.274369
RIC8A	0.047	1	0.268653
NFS1	0.047	1	0.268653
VPS4B	0.047	1	0.268653
NDUFA6	0.047	1	0.268653
PRPF31	0.047	1	0.268653
FAIM	0.047	1	0.268653
UQCRC1	0.047	1	0.268653
XPOT	0.047	1	0.268653
MST4	0.047	1	0.268653
HIP1	0.046	1	0.262937
NDUFA10	0.046	1	0.262937
HSPH1	0.046	1	0.262937
SAR1A	0.046	1	0.262937
DDX52	0.045	1	0.257221
UBA5	0.045	1	0.257221
ERH	0.044	1	0.251505
PDS5B	0.044	1	0.251505
DHX36	0.044	1	0.251505
TNPO1	0.044	1	0.251505
MSH3	0.044	1	0.251505
CLINT1	0.044	1	0.251505
DCAF7	0.044	1	0.251505
HERC2	0.043	1	0.245789
AKAP8	0.043	1	0.245789
TUFM	0.043	1	0.245789
SRBD1	0.043	1	0.245789
OSBPL11	0.043	1	0.245789
OLA1	0.042	1	0.240073
ATP5F1	0.042	1	0.240073
TBC1D22B	0.041	1	0.234357
STXBP1	0.041	1	0.234357
SFXN1	0.041	1	0.234357
LARS2	0.041	1	0.234357
ATRX	0.041	1	0.234357
TBC1D4	0.041	1	0.234357
POLR1B	0.041	1	0.234357
NR2F1	0.04	1	0.228641
NCAPH	0.04	1	0.228641
RPLP0	0.04	1	0.228641
MRPS35	0.04	1	0.228641
NKAP	0.039	1	0.222925
METT5D1	0.039	1	0.222925
SBF1	0.039	1	0.222925
IPO8	0.039	1	0.222925
ADSL	0.039	1	0.222925
MTPAP	0.039	1	0.222925
GAPDH	0.039	1	0.222925
RBM5	0.039	1	0.222925
MRPL47	0.038	1	0.217209
NIPBL	0.038	1	0.217209
ADD1	0.038	1	0.217209
SLC25A11	0.038	1	0.217209
RPL3	0.038	1	0.217209
ALDH18A1	0.038	1	0.217209
ENO1	0.038	1	0.217209
PKN2	0.038	1	0.217209
MAP2K7	0.037	1	0.211493
MRTO4	0.037	1	0.211493
MSI1	0.037	1	0.211493
RAPGEF2	0.037	1	0.211493
NAMPT	0.037	1	0.211493
PWP2	0.037	1	0.211493
LARP4	0.037	1	0.211493
MPI	0.037	1	0.211493
NUDT2	0.037	1	0.211493
ZNF295	0.036	1	0.205777
ORMDL1	0.036	1	0.205777
YWHAQ	0.036	1	0.205777
FRYL	0.036	1	0.205777
THNSL1	0.036	1	0.205777
MRPL18	0.035	1	0.200061
SUCLG2	0.035	1	0.200061
ECHS1	0.035	1	0.200061
RPL15	0.035	1	0.200061
SMC1A	0.035	1	0.200061
SLC25A6	0.035	1	0.200061
RBM7	0.035	1	0.200061
FYN	0.035	1	0.200061
GNAI3	0.035	1	0.200061
RTKN	0.035	1	0.200061
CDK12	0.035	1	0.200061
CDK6	0.035	1	0.200061
PLEKHA1	0.035	1	0.200061
GLA	0.035	1	0.200061
VPRBP	0.035	1	0.200061
SNX6	0.035	1	0.200061
FAHD1	0.035	1	0.200061
DDX49	0.035	1	0.200061
ZBTB33	0.035	1	0.200061
PTPMT1	0.035	1	0.200061
LCMT2	0.035	1	0.200061
ALDH6A1	0.034	1	0.194345
FAM98B	0.034	1	0.194345
TRAP1	0.034	1	0.194345
ARF4	0.034	1	0.194345
EXOC4	0.033	1	0.188629
GTPBP8	0.033	1	0.188629
ARL8A	0.033	1	0.188629
COPG	0.033	1	0.188629
SDR39U1	0.033	1	0.188629
DLAT	0.033	1	0.188629
NT5C3L	0.033	1	0.188629
JUP	0.032	1	0.182913
MRPL37	0.032	1	0.182913
TRPC4AP	0.032	1	0.182913
GYS1	0.032	1	0.182913
DGKA	0.032	1	0.182913
THAP11	0.032	1	0.182913
MRPL11	0.031	1	0.177197
ELOVL4	0.031	1	0.177197
PTOV1	0.031	1	0.177197
STXBP3	0.031	1	0.177197
TFRC	0.031	1	0.177197
STOML1	0.031	1	0.177197
PDK1	0.031	1	0.177197
HNRNPK	0.031	1	0.177197
IQSEC1	0.031	1	0.177197
BRE	0.031	1	0.177197
INPP4A	0.031	1	0.177197
C2ORF47	0.03	1	0.171481
IRS4	0.03	1	0.171481
MYBBP1A	0.03	1	0.171481
STOM	0.03	1	0.171481
ATP6V0A1	0.03	1	0.171481
ANXA7	0.03	1	0.171481
RARS	0.03	1	0.171481
PRKAB1	0.03	1	0.171481
KIN	0.029	1	0.165765
SLC35F2	0.029	1	0.165765
INADL	0.029	1	0.165765
TTC19	0.029	1	0.165765
EPPK1	0.029	1	0.165765
PIAS1	0.029	1	0.165765
MT-CO2	0.029	1	0.165765
FSD1	0.028	1	0.160049
IDH3G	0.028	1	0.160049
PKMYT1	0.028	1	0.160049
SFRS6	0.028	1	0.160049
SCRIB	0.028	1	0.160049
CCNB1	0.028	1	0.160049
DCTN1	0.028	1	0.160049
MTX3	0.028	1	0.160049
RPS18	0.027	1	0.154333
ADRM1	0.027	1	0.154333
KPNA4	0.027	1	0.154333
SLC25A32	0.027	1	0.154333
DDX27	0.027	1	0.154333
PPP2R2A	0.027	1	0.154333
CNNM3	0.027	1	0.154333
DHRS1	0.026	1	0.148617
IQCB1	0.026	1	0.148617
NRM	0.026	1	0.148617
ATP6V1A	0.026	1	0.148617
GSTK1	0.026	1	0.148617
SMPD4	0.026	1	0.148617
PFAS	0.026	1	0.148617
SLC35E1	0.025	1	0.142901
LCLAT1	0.025	1	0.142901
ATP1A1	0.025	1	0.142901
HSD17B11	0.025	1	0.142901
MRPS9	0.025	1	0.142901
EIF2S3	0.025	1	0.142901
ARL2	0.025	1	0.142901
RGPD3	0.024	1	0.137185
ZYG11B	0.024	1	0.137185
HYOU1	0.024	1	0.137185
TST	0.024	1	0.137185
PEF1	0.024	1	0.137185
USP24	0.024	1	0.137185
STT3B	0.024	1	0.137185
PPP2R1A	0.024	1	0.137185
RPS20	0.023	1	0.131469
AGAP3	0.023	1	0.131469
VPS26A	0.023	1	0.131469
RAPGEF6	0.023	1	0.131469
VIPAR	0.023	1	0.131469
NT5C3	0.023	1	0.131469
BAAT1	0.023	1	0.131469
IRF2BP1	0.022	1	0.125753
SPTBN1	0.022	1	0.125753
GPN1	0.022	1	0.125753
CSNK1E	0.022	1	0.125753
NEK7	0.022	1	0.125753
APIP	0.022	1	0.125753
TSEN34	0.022	1	0.125753
BAT1	0.021	1	0.120036
DHX40	0.021	1	0.120036
USP7	0.021	1	0.120036
TLN1	0.021	1	0.120036
DHX30	0.02	1	0.11432
CDK13	0.02	1	0.11432
PIGK	0.02	1	0.11432
NARS	0.02	1	0.11432
UCKL1	0.02	1	0.11432
PSMC2	0.019	1	0.108604
PRIM1	0.019	1	0.108604
DDOST	0.019	1	0.108604
CSNK2B	0.018	1	0.102888
GOSR2	0.018	1	0.102888
EIF3C	0.018	1	0.102888
AAAS	0.018	1	0.102888
SNX30	0.018	1	0.102888
MRPL19	0.017	1	0.0971724
POLDIP2	0.017	1	0.0971724
VRK1	0.017	1	0.0971724
RRAGC	0.017	1	0.0971724
PLEC1	0.016	1	0.0914564
EXOC8	0.016	1	0.0914564
RAB5B	0.016	1	0.0914564
NDUFA4	0.016	1	0.0914564
EEF1B2	0.016	1	0.0914564
WIZ	0.016	1	0.0914564
IARS2	0.016	1	0.0914564
PYGL	0.016	1	0.0914564
FYTTD1	0.015	1	0.0857404
CLCN3	0.015	1	0.0857404
MEN1	0.015	1	0.0857404
KPNA1	0.015	1	0.0857404
VDAC3	0.015	1	0.0857404
MYEF2	0.015	1	0.0857404
SLC25A19	0.015	1	0.0857404
ALG1	0.015	1	0.0857404
GNB2L1	0.015	1	0.0857404
TIMM44	0.015	1	0.0857404
KIAA0196	0.015	1	0.0857404
GTPBP3	0.014	1	0.0800243
EEF2	0.014	1	0.0800243
AKT2	0.014	1	0.0800243
LONP1	0.014	1	0.0800243
NT5DC2	0.014	1	0.0800243
ORC5L	0.014	1	0.0800243
ANXA2	0.014	1	0.0800243
UTP3	0.013	1	0.0743083
RPL22L1	0.013	1	0.0743083
C18ORF55	0.013	1	0.0743083
RAB33B	0.013	1	0.0743083
PSMD3	0.013	1	0.0743083
HMBS	0.013	1	0.0743083
CTBP1	0.012	1	0.0685923
PYCRL	0.012	1	0.0685923
DEK	0.012	1	0.0685923
GTPBP6	0.012	1	0.0685923
C3ORF38	0.012	1	0.0685923
CDK9	0.011	1	0.0628763
EIF5B	0.011	1	0.0628763
CCT5	0.011	1	0.0628763
TFB2M	0.011	1	0.0628763
PPTC7	0.01	1	0.0571602
GRHPR	0.01	1	0.0571602
VDAC2	0.01	1	0.0571602
ARAF	0.01	1	0.0571602
SNRNP200	0.01	1	0.0571602
RAF1	0.01	1	0.0571602
TARS	0.01	1	0.0571602
DICER1	0.01	1	0.0571602
POLE2	0.01	1	0.0571602
PGM1	0.009	1	0.0514442
TUBE1	0.009	1	0.0514442
RDH11	0.009	1	0.0514442
ITCH	0.009	1	0.0514442
SAE1	0.009	1	0.0514442
EXOSC10	0.009	1	0.0514442
MARS	0.009	1	0.0514442
RPSA	0.009	1	0.0514442
RAC1	0.009	1	0.0514442
MOCS2	0.009	1	0.0514442
AHCY	0.008	1	0.0457282
PRKCI	0.008	1	0.0457282
PPT1	0.008	1	0.0457282
SRP72	0.008	1	0.0457282
ABCE1	0.008	1	0.0457282
FIBP	0.008	1	0.0457282
CPNE1	0.008	1	0.0457282
GMPS	0.008	1	0.0457282
C8ORF38	0.008	1	0.0457282
RBM4	0.007	1	0.0400122
RBM4B	0.007	1	0.0400122
RPS16	0.007	1	0.0400122
RAC3	0.007	1	0.0400122
DYNC2LI1	0.007	1	0.0400122
MSTO1	0.007	1	0.0400122
TMEM209	0.006	1	0.0342961
COQ5	0.006	1	0.0342961
UBE2N	0.006	1	0.0342961
UPF1	0.006	1	0.0342961
DDX28	0.006	1	0.0342961
MRPL13	0.006	1	0.0342961
SDHA	0.005	1	0.0285801
SLC25A24	0.005	1	0.0285801
USO1	0.005	1	0.0285801
CLASP1	0.005	1	0.0285801
RAB6B	0.005	1	0.0285801
BPHL	0.005	1	0.0285801
AHR	0.005	1	0.0285801
GDI2	0.005	1	0.0285801
AHCYL1	0.004	1	0.0228641
DDX56	0.004	1	0.0228641
MCM5	0.004	1	0.0228641
GLT8D1	0.004	1	0.0228641
C11ORF83	0.004	1	0.0228641
ESPL1	0.004	1	0.0228641
NSUN6	0.004	1	0.0228641
BAT2	0.003	1	0.0171481
PFN2	0.003	1	0.0171481
IMPDH2	0.003	1	0.0171481
CPNE3	0.003	1	0.0171481
ETHE1	0.002	1	0.011432
CCBL2	0.002	1	0.011432
CAPZA2	0.002	1	0.011432
IPO7	0.002	1	0.011432
IGHMBP2	0.002	1	0.011432
DDX39	0.001	1	0.00571602
HIST1H2AB	0.001	1	0.00571602
HIST2H2AC	0.001	1	0.00571602
IMMT	0.001	1	0.00571602
ABCB7	0.001	1	0.00571602
FERMT2	0.001	1	0.00571602
KIAA0776	0.001	1	0.00571602
EIF4A1	0.001	1	0.00571602
RCC1	0.001	1	0.00571602
AK6	0.001	1	0.00571602
TTK	0.001	1	0.00571602
FDFT1	0.001	1	0.00571602
B3GALTL	0	1	0
GNAI2	0	1	0
SRR	0	1	0
C8ORF55	0	1	0
VPS45	0	1	0
ALDH2	0	1	0
CYFIP2	0	1	0
CDK17	0	1	0
PTPLAD1	0	1	0
NAB2	0	1	0
POM121	-0.001	1	-0.00571602
RFC1	-0.001	1	-0.00571602
RPS14	-0.001	1	-0.00571602
CENPM	-0.001	1	-0.00571602
RAP2A	-0.001	1	-0.00571602
GLIPR2	-0.001	1	-0.00571602
FAHD2A	-0.001	1	-0.00571602
POLR3C	-0.001	1	-0.00571602
NUBPL	-0.002	1	-0.011432
CDC42BPB	-0.002	1	-0.011432
RANGAP1	-0.002	1	-0.011432
LIG3	-0.002	1	-0.011432
PKN3	-0.002	1	-0.011432
KRR1	-0.002	1	-0.011432
TRNAU1AP	-0.003	1	-0.0171481
NARS2	-0.003	1	-0.0171481
PSMC1	-0.003	1	-0.0171481
GTF2H2	-0.003	1	-0.0171481
PRDX2	-0.003	1	-0.0171481
CAND1	-0.003	1	-0.0171481
PPM1F	-0.003	1	-0.0171481
CPS1	-0.003	1	-0.0171481
STAT1	-0.003	1	-0.0171481
DDX42	-0.003	1	-0.0171481
POLR1E	-0.004	1	-0.0228641
NUP98	-0.004	1	-0.0228641
RUSC1	-0.004	1	-0.0228641
ESYT2	-0.004	1	-0.0228641
PPIA	-0.004	1	-0.0228641
UCHL5	-0.004	1	-0.0228641
HADHB	-0.004	1	-0.0228641
ARPC4	-0.005	1	-0.0285801
MAP4K4	-0.005	1	-0.0285801
SLC25A22	-0.005	1	-0.0285801
DYNC1H1	-0.005	1	-0.0285801
PTBP1	-0.005	1	-0.0285801
KNTC1	-0.005	1	-0.0285801
RAP2C	-0.005	1	-0.0285801
MYL6	-0.005	1	-0.0285801
MPP1	-0.005	1	-0.0285801
MRPS2	-0.006	1	-0.0342961
POLG	-0.006	1	-0.0342961
MINA	-0.006	1	-0.0342961
AAMP	-0.006	1	-0.0342961
ATP6V0A2	-0.007	1	-0.0400122
IGF2BP1	-0.007	1	-0.0400122
LIMK2	-0.007	1	-0.0400122
NUP54	-0.007	1	-0.0400122
ARF6	-0.007	1	-0.0400122
FBXO22	-0.008	1	-0.0457282
CTPS2	-0.008	1	-0.0457282
TP53RK	-0.008	1	-0.0457282
CABC1	-0.008	1	-0.0457282
MRPL53	-0.008	1	-0.0457282
TAGLN2	-0.008	1	-0.0457282
GTF3C4	-0.008	1	-0.0457282
DNAJC11	-0.008	1	-0.0457282
RTCD1	-0.008	1	-0.0457282
PGRMC1	-0.009	1	-0.0514442
KHSRP	-0.009	1	-0.0514442
UQCC	-0.009	1	-0.0514442
PMPCB	-0.009	1	-0.0514442
UBA3	-0.009	1	-0.0514442
UBE3C	-0.009	1	-0.0514442
TUBB2C	-0.009	1	-0.0514442
TMEM48	-0.01	1	-0.0571602
CPSF3	-0.01	1	-0.0571602
RPN1	-0.01	1	-0.0571602
GATAD2A	-0.011	1	-0.0628763
PRKAR2A	-0.011	1	-0.0628763
NOP56	-0.011	1	-0.0628763
TTF2	-0.011	1	-0.0628763
CCT8	-0.011	1	-0.0628763
DHX29	-0.011	1	-0.0628763
ETF1	-0.011	1	-0.0628763
UTP20	-0.011	1	-0.0628763
NDUFA9	-0.011	1	-0.0628763
ANKRD17	-0.012	1	-0.0685923
KIAA0892	-0.012	1	-0.0685923
NONO	-0.012	1	-0.0685923
LPCAT3	-0.012	1	-0.0685923
CAND2	-0.012	1	-0.0685923
GFM1	-0.012	1	-0.0685923
PSMC5	-0.012	1	-0.0685923
FARSA	-0.012	1	-0.0685923
TCP1	-0.012	1	-0.0685923
EIF1AX	-0.012	1	-0.0685923
HSPA12A	-0.012	1	-0.0685923
LRRC47	-0.013	1	-0.0743083
SPAST	-0.013	1	-0.0743083
DEF	-0.014	1	-0.0800243
ZNF192	-0.014	1	-0.0800243
CAPZB	-0.014	1	-0.0800243
GART	-0.014	1	-0.0800243
PECI	-0.014	1	-0.0800243
HNRNPUL2	-0.014	1	-0.0800243
LRRC40	-0.014	1	-0.0800243
TUBB4	-0.014	1	-0.0800243
TUBB6	-0.014	1	-0.0800243
LMAN1	-0.015	1	-0.0857404
SAP18	-0.015	1	-0.0857404
PCID2	-0.015	1	-0.0857404
AFG3L2	-0.015	1	-0.0857404
TTC5	-0.015	1	-0.0857404
BCOR	-0.015	1	-0.0857404
SARS	-0.015	1	-0.0857404
TUBB2B	-0.015	1	-0.0857404
TUBB3	-0.015	1	-0.0857404
RTN4	-0.016	1	-0.0914564
WBSCR16	-0.016	1	-0.0914564
PUM1	-0.016	1	-0.0914564
RNF213	-0.016	1	-0.0914564
IPO9	-0.016	1	-0.0914564
SYNCRIP	-0.016	1	-0.0914564
ALDH1B1	-0.016	1	-0.0914564
SLC12A6	-0.017	1	-0.0971724
FOXP4	-0.017	1	-0.0971724
SMARCA5	-0.017	1	-0.0971724
MASTL	-0.017	1	-0.0971724
PSME3	-0.017	1	-0.0971724
CUL5	-0.017	1	-0.0971724
EIF4A2	-0.017	1	-0.0971724
DCLRE1A	-0.017	1	-0.0971724
TNRC6A	-0.017	1	-0.0971724
TRUB2	-0.018	1	-0.102888
PFN1	-0.018	1	-0.102888
FITM2	-0.018	1	-0.102888
CRTAP	-0.018	1	-0.102888
FLYWCH1	-0.018	1	-0.102888
EIF3D	-0.018	1	-0.102888
TMEM111	-0.018	1	-0.102888
CSTF3	-0.018	1	-0.102888
VARS	-0.018	1	-0.102888
DHX34	-0.018	1	-0.102888
FANCD2	-0.018	1	-0.102888
CIRH1A	-0.018	1	-0.102888
MRPL27	-0.019	1	-0.108604
SMC6	-0.019	1	-0.108604
DDX31	-0.019	1	-0.108604
HIP1R	-0.019	1	-0.108604
PTRH2	-0.019	1	-0.108604
DCP1B	-0.019	1	-0.108604
RFC3	-0.02	1	-0.11432
RPS6	-0.02	1	-0.11432
GTPBP10	-0.02	1	-0.11432
FASTKD5	-0.02	1	-0.11432
OSGEP	-0.02	1	-0.11432
PSMC6	-0.02	1	-0.11432
IGF2BP3	-0.02	1	-0.11432
SLC25A12	-0.02	1	-0.11432
GUF1	-0.02	1	-0.11432
DUSP9	-0.02	1	-0.11432
RBM15	-0.021	1	-0.120036
RPL7L1	-0.021	1	-0.120036
IWS1	-0.021	1	-0.120036
CTPS	-0.021	1	-0.120036
NECAP2	-0.021	1	-0.120036
C10ORF58	-0.021	1	-0.120036
GCLM	-0.021	1	-0.120036
METT11D1	-0.022	1	-0.125753
ZNF687	-0.022	1	-0.125753
GNA12	-0.022	1	-0.125753
RHBDD2	-0.022	1	-0.125753
RPS7	-0.022	1	-0.125753
PAICS	-0.023	1	-0.131469
RPS4X	-0.023	1	-0.131469
MAPK9	-0.023	1	-0.131469
RRAS2	-0.023	1	-0.131469
DOCK6	-0.023	1	-0.131469
LKAP	-0.023	1	-0.131469
COPA	-0.023	1	-0.131469
KPNA2	-0.023	1	-0.131469
MTHFD2	-0.023	1	-0.131469
PDCD6	-0.023	1	-0.131469
RPL26L1	-0.024	1	-0.137185
TAF1	-0.024	1	-0.137185
RAD21	-0.024	1	-0.137185
UTP18	-0.024	1	-0.137185
UBE4B	-0.024	1	-0.137185
PSMD11	-0.024	1	-0.137185
SPTLC1	-0.025	1	-0.142901
CCNT1	-0.025	1	-0.142901
CAD	-0.025	1	-0.142901
BMS1	-0.025	1	-0.142901
HNRNPL	-0.025	1	-0.142901
UNC45A	-0.025	1	-0.142901
IPO11	-0.025	1	-0.142901
ORC3L	-0.025	1	-0.142901
C9ORF64	-0.025	1	-0.142901
OSBP	-0.025	1	-0.142901
PLOD2	-0.025	1	-0.142901
ULK3	-0.025	1	-0.142901
RPL26	-0.026	1	-0.148617
TAF5	-0.026	1	-0.148617
RPP14	-0.026	1	-0.148617
AP3D1	-0.026	1	-0.148617
GGA2	-0.026	1	-0.148617
MGEA5	-0.026	1	-0.148617
SMARCD2	-0.027	1	-0.154333
C3ORF31	-0.027	1	-0.154333
TRAPPC5	-0.027	1	-0.154333
HIGD1A	-0.027	1	-0.154333
TRMT6	-0.027	1	-0.154333
TOMM40	-0.028	1	-0.160049
POLDIP3	-0.028	1	-0.160049
GCN1L1	-0.028	1	-0.160049
SERPINH1	-0.028	1	-0.160049
TUBB	-0.028	1	-0.160049
TCOF1	-0.029	1	-0.165765
CSTB	-0.029	1	-0.165765
PIK3C2A	-0.029	1	-0.165765
GALK1	-0.029	1	-0.165765
ACSL1	-0.029	1	-0.165765
TGFBRAP1	-0.029	1	-0.165765
VAPB	-0.029	1	-0.165765
SYNE2	-0.03	1	-0.171481
ZMYM4	-0.03	1	-0.171481
NOL10	-0.03	1	-0.171481
DDX19B	-0.03	1	-0.171481
DHX15	-0.03	1	-0.171481
NDUFS1	-0.03	1	-0.171481
ZNF768	-0.03	1	-0.171481
SFXN3	-0.03	1	-0.171481
TUBB2A	-0.03	1	-0.171481
AP2A2	-0.03	1	-0.171481
ADAR	-0.031	1	-0.177197
RAD54L2	-0.031	1	-0.177197
LSM12	-0.032	1	-0.182913
PTPN2	-0.032	1	-0.182913
USP38	-0.032	1	-0.182913
MBD4	-0.032	1	-0.182913
EGLN1	-0.032	1	-0.182913
FOXP2	-0.033	1	-0.188629
HIST1H1C	-0.033	1	-0.188629
DARS	-0.033	1	-0.188629
ATL1	-0.033	1	-0.188629
GGCX	-0.033	1	-0.188629
ELOVL1	-0.034	1	-0.194345
ZNF8	-0.034	1	-0.194345
BAT5	-0.034	1	-0.194345
FOXP1	-0.034	1	-0.194345
TALDO1	-0.034	1	-0.194345
PSEN1	-0.034	1	-0.194345
ABCC1	-0.035	1	-0.200061
UBA2	-0.035	1	-0.200061
STXBP2	-0.035	1	-0.200061
EFR3A	-0.035	1	-0.200061
RIF1	-0.035	1	-0.200061
XRN2	-0.035	1	-0.200061
RRM1	-0.035	1	-0.200061
UBR4	-0.035	1	-0.200061
SEC24C	-0.036	1	-0.205777
COPB1	-0.036	1	-0.205777
AP3S1	-0.036	1	-0.205777
SMC4	-0.036	1	-0.205777
RFC5	-0.036	1	-0.205777
LNPEP	-0.036	1	-0.205777
MGST1	-0.037	1	-0.211493
AVL9	-0.037	1	-0.211493
RPL35A	-0.037	1	-0.211493
CWF19L1	-0.037	1	-0.211493
DDX10	-0.037	1	-0.211493
RPL35	-0.037	1	-0.211493
PRKDC	-0.037	1	-0.211493
XPNPEP3	-0.037	1	-0.211493
HNRNPA0	-0.037	1	-0.211493
SLC25A17	-0.037	1	-0.211493
RPP30	-0.037	1	-0.211493
HSPD1	-0.037	1	-0.211493
C2ORF56	-0.037	1	-0.211493
SUCLG1	-0.038	1	-0.217209
MPV17	-0.038	1	-0.217209
MAP1S	-0.038	1	-0.217209
ANKLE2	-0.038	1	-0.217209
TRIM33	-0.038	1	-0.217209
NAT14	-0.038	1	-0.217209
WDR19	-0.039	1	-0.222925
DYNC1LI1	-0.039	1	-0.222925
ZNF773	-0.039	1	-0.222925
CDK2	-0.039	1	-0.222925
CDK1	-0.039	1	-0.222925
MAT2A	-0.039	1	-0.222925
TSC2	-0.04	1	-0.228641
HMGCL	-0.04	1	-0.228641
SURF4	-0.04	1	-0.228641
TNPO2	-0.04	1	-0.228641
DIS3	-0.04	1	-0.228641
CDK5RAP3	-0.04	1	-0.228641
XPO1	-0.04	1	-0.228641
LGTN	-0.04	1	-0.228641
YEATS2	-0.04	1	-0.228641
PDPK1	-0.04	1	-0.228641
SLC25A10	-0.041	1	-0.234357
RPL5	-0.041	1	-0.234357
NSUN2	-0.041	1	-0.234357
STRAP	-0.041	1	-0.234357
MYCBP2	-0.041	1	-0.234357
LRRC14	-0.041	1	-0.234357
RNMTL1	-0.041	1	-0.234357
POLA1	-0.041	1	-0.234357
TUBGCP2	-0.041	1	-0.234357
C2ORF44	-0.041	1	-0.234357
ZNF598	-0.042	1	-0.240073
ATP1A2	-0.042	1	-0.240073
NUP188	-0.042	1	-0.240073
UPP1	-0.042	1	-0.240073
ZNF638	-0.042	1	-0.240073
MRPS34	-0.042	1	-0.240073
ERGIC1	-0.042	1	-0.240073
RETSAT	-0.042	1	-0.240073
RCOR3	-0.042	1	-0.240073
THOC3	-0.043	1	-0.245789
ITPR2	-0.043	1	-0.245789
EIF4A3	-0.043	1	-0.245789
SNX2	-0.043	1	-0.245789
INTS4	-0.043	1	-0.245789
TMEM14C	-0.044	1	-0.251505
CTU1	-0.044	1	-0.251505
SEC63	-0.044	1	-0.251505
MRPS22	-0.044	1	-0.251505
EYA4	-0.044	1	-0.251505
FUK	-0.044	1	-0.251505
CPSF1	-0.044	1	-0.251505
KIAA0090	-0.044	1	-0.251505
MAPKAPK2	-0.044	1	-0.251505
QKI	-0.045	1	-0.257221
MAP4K3	-0.045	1	-0.257221
PLOD1	-0.045	1	-0.257221
PIK3C3	-0.045	1	-0.257221
SCYL1	-0.045	1	-0.257221
PARS2	-0.046	1	-0.262937
GNL3	-0.046	1	-0.262937
NOB1	-0.046	1	-0.262937
CSNK1A1	-0.046	1	-0.262937
DYNC2H1	-0.046	1	-0.262937
ELAC2	-0.046	1	-0.262937
MTHFD1	-0.046	1	-0.262937
ACTL6A	-0.046	1	-0.262937
RHOT2	-0.046	1	-0.262937
RACGAP1	-0.047	1	-0.268653
IQGAP1	-0.047	1	-0.268653
PCK2	-0.047	1	-0.268653
SMG8	-0.048	1	-0.274369
ZNF703	-0.048	1	-0.274369
MPP2	-0.048	1	-0.274369
TMEM56	-0.048	1	-0.274369
ZNF503	-0.048	1	-0.274369
SAR1B	-0.048	1	-0.274369
KIAA1543	-0.049	1	-0.280085
CRTC2	-0.049	1	-0.280085
PES1	-0.049	1	-0.280085
DTYMK	-0.049	1	-0.280085
EDRF1	-0.049	1	-0.280085
ATR	-0.05	1	-0.285801
POLR2L	-0.05	1	-0.285801
CBX2	-0.05	1	-0.285801
MRPS25	-0.051	1	-0.291517
PDF	-0.051	1	-0.291517
WDR7	-0.051	1	-0.291517
SACS	-0.051	1	-0.291517
IGF2BP2	-0.051	1	-0.291517
DCP2	-0.051	1	-0.291517
RCC2	-0.052	1	-0.297233
ZZEF1	-0.052	1	-0.297233
POLRMT	-0.052	1	-0.297233
NEDD4L	-0.052	1	-0.297233
NEDD4	-0.052	1	-0.297233
ZNF281	-0.052	1	-0.297233
MTG1	-0.052	1	-0.297233
CTSA	-0.053	1	-0.302949
NOP14	-0.053	1	-0.302949
PAK4	-0.053	1	-0.302949
WDR3	-0.053	1	-0.302949
TAOK2	-0.053	1	-0.302949
AP1B1	-0.053	1	-0.302949
FDPS	-0.053	1	-0.302949
MPST	-0.053	1	-0.302949
DHX37	-0.054	1	-0.308665
C14ORF21	-0.054	1	-0.308665
MIB2	-0.055	1	-0.314381
MTA2	-0.055	1	-0.314381
NSUN4	-0.055	1	-0.314381
GEMIN5	-0.055	1	-0.314381
ALG12	-0.055	1	-0.314381
CACYBP	-0.055	1	-0.314381
MRPL4	-0.056	1	-0.320097
SPC24	-0.056	1	-0.320097
YTHDC2	-0.056	1	-0.320097
AP3B1	-0.056	1	-0.320097
MTCH1	-0.056	1	-0.320097
HSPA4	-0.056	1	-0.320097
NUP214	-0.056	1	-0.320097
FASN	-0.056	1	-0.320097
PKN1	-0.056	1	-0.320097
TUBA1B	-0.056	1	-0.320097
ARHGAP8	-0.057	1	-0.325813
TOR1AIP1	-0.057	1	-0.325813
DDX19A	-0.057	1	-0.325813
IDH3A	-0.057	1	-0.325813
GLUD2	-0.057	1	-0.325813
HSP90AA1	-0.057	1	-0.325813
IKBKAP	-0.057	1	-0.325813
NUP107	-0.057	1	-0.325813
NUP153	-0.057	1	-0.325813
ZFHX4	-0.057	1	-0.325813
C21ORF33	-0.057	1	-0.325813
ALDH1A2	-0.057	1	-0.325813
DSCR3	-0.057	1	-0.325813
PLEKHG1	-0.057	1	-0.325813
ABTB2	-0.058	1	-0.331529
RING1	-0.058	1	-0.331529
TBRG4	-0.058	1	-0.331529
UQCRC2	-0.058	1	-0.331529
DDX47	-0.058	1	-0.331529
CLPX	-0.058	1	-0.331529
IDH3B	-0.058	1	-0.331529
PCBP1	-0.059	1	-0.337245
NBN	-0.059	1	-0.337245
DPY19L1	-0.06	1	-0.342961
ZNF92	-0.06	1	-0.342961
LIN54	-0.06	1	-0.342961
SIN3A	-0.06	1	-0.342961
ERAL1	-0.06	1	-0.342961
TIPRL	-0.06	1	-0.342961
PAFAH1B3	-0.06	1	-0.342961
TYW3	-0.061	1	-0.348677
GPT2	-0.061	1	-0.348677
DDX24	-0.061	1	-0.348677
ACOT8	-0.061	1	-0.348677
NUP88	-0.061	1	-0.348677
ACAD10	-0.061	1	-0.348677
CYB5R1	-0.061	1	-0.348677
LMF2	-0.062	1	-0.354393
OSTC	-0.062	1	-0.354393
HTT	-0.062	1	-0.354393
RCL1	-0.062	1	-0.354393
HSD17B4	-0.062	1	-0.354393
CDIPT	-0.062	1	-0.354393
NOC4L	-0.062	1	-0.354393
MMS19	-0.062	1	-0.354393
CXXC1	-0.063	1	-0.360109
KIFC1	-0.063	1	-0.360109
SMARCA4	-0.063	1	-0.360109
EIF2B5	-0.063	1	-0.360109
GNE	-0.063	1	-0.360109
MAGED1	-0.063	1	-0.360109
IFIT5	-0.063	1	-0.360109
ANKHD1	-0.064	1	-0.365825
RPL22	-0.064	1	-0.365825
AIMP2	-0.064	1	-0.365825
QPCTL	-0.064	1	-0.365825
SPCS3	-0.064	1	-0.365825
PKP4	-0.065	1	-0.371542
CDC42EP1	-0.065	1	-0.371542
CORO7	-0.066	1	-0.377258
OXA1L	-0.066	1	-0.377258
AK3L1	-0.066	1	-0.377258
ALAS1	-0.066	1	-0.377258
SFXN2	-0.066	1	-0.377258
RBBP4	-0.066	1	-0.377258
IMPA1	-0.066	1	-0.377258
QARS	-0.066	1	-0.377258
MORF4L1	-0.066	1	-0.377258
EIF3E	-0.066	1	-0.377258
NCOR1	-0.066	1	-0.377258
ADCK1	-0.067	1	-0.382974
DBN1	-0.067	1	-0.382974
HLA-A	-0.067	1	-0.382974
ADD2	-0.067	1	-0.382974
GANAB	-0.067	1	-0.382974
AGPAT1	-0.067	1	-0.382974
SRPR	-0.067	1	-0.382974
WRNIP1	-0.067	1	-0.382974
TBL3	-0.067	1	-0.382974
NMD3	-0.067	1	-0.382974
SLC3A2	-0.067	1	-0.382974
BRP44	-0.067	1	-0.382974
SNRPB	-0.068	1	-0.38869
TMPO	-0.068	1	-0.38869
MARK3	-0.068	1	-0.38869
PSMA4	-0.068	1	-0.38869
ARHGEF2	-0.068	1	-0.38869
C1ORF57	-0.068	1	-0.38869
EPRS	-0.068	1	-0.38869
PDCD6IP	-0.068	1	-0.38869
CDC23	-0.068	1	-0.38869
METTL7A	-0.068	1	-0.38869
TMEM33	-0.069	1	-0.394406
ZC3HC1	-0.069	1	-0.394406
TM7SF2	-0.069	1	-0.394406
CLK3	-0.069	1	-0.394406
NKIRAS2	-0.069	1	-0.394406
LETMD1	-0.07	1	-0.400122
RPS3A	-0.07	1	-0.400122
FLNA	-0.07	1	-0.400122
HCFC1	-0.07	1	-0.400122
DNAJC10	-0.07	1	-0.400122
FIGNL1	-0.07	1	-0.400122
FH	-0.07	1	-0.400122
PRCP	-0.07	1	-0.400122
BAT2L2	-0.07	1	-0.400122
ZCCHC11	-0.07	1	-0.400122
RRP1B	-0.071	1	-0.405838
EDC4	-0.071	1	-0.405838
CIZ1	-0.071	1	-0.405838
NCBP1	-0.071	1	-0.405838
DOCK7	-0.071	1	-0.405838
RFC2	-0.071	1	-0.405838
ACTR2	-0.071	1	-0.405838
IARS	-0.071	1	-0.405838
GPKOW	-0.071	1	-0.405838
ACSL3	-0.071	1	-0.405838
METTL11A	-0.071	1	-0.405838
HP1BP3	-0.072	1	-0.411554
TEX10	-0.072	1	-0.411554
SMARCA1	-0.072	1	-0.411554
KIAA1279	-0.072	1	-0.411554
RPL23	-0.073	1	-0.41727
SACM1L	-0.073	1	-0.41727
WLS	-0.074	1	-0.422986
RPL10A	-0.074	1	-0.422986
SLC25A35	-0.074	1	-0.422986
SASS6	-0.074	1	-0.422986
AKAP1	-0.074	1	-0.422986
ALDH7A1	-0.074	1	-0.422986
SCYL2	-0.074	1	-0.422986
ARL6	-0.074	1	-0.422986
RNASEN	-0.074	1	-0.422986
ABCF2	-0.074	1	-0.422986
IFT172	-0.074	1	-0.422986
DHCR24	-0.075	1	-0.428702
GMPPB	-0.075	1	-0.428702
PRMT10	-0.075	1	-0.428702
API5	-0.075	1	-0.428702
ECM29	-0.075	1	-0.428702
DCAKD	-0.075	1	-0.428702
QTRTD1	-0.075	1	-0.428702
NDUFB10	-0.075	1	-0.428702
PGK1	-0.075	1	-0.428702
LARP1B	-0.076	1	-0.434418
APOOL	-0.076	1	-0.434418
COMT	-0.076	1	-0.434418
HSD17B12	-0.076	1	-0.434418
TMEM165	-0.076	1	-0.434418
MRPL38	-0.076	1	-0.434418
UBA1	-0.076	1	-0.434418
WDR11	-0.076	1	-0.434418
SMEK2	-0.077	1	-0.440134
TRRAP	-0.077	1	-0.440134
PSMD6	-0.077	1	-0.440134
UGDH	-0.077	1	-0.440134
ACSF2	-0.077	1	-0.440134
TRNT1	-0.077	1	-0.440134
TPRKB	-0.077	1	-0.440134
MRPS5	-0.078	1	-0.44585
HSP90AB1	-0.078	1	-0.44585
HK1	-0.078	1	-0.44585
GPI	-0.078	1	-0.44585
RPA3	-0.078	1	-0.44585
YY1	-0.079	1	-0.451566
INTS1	-0.079	1	-0.451566
VARS2	-0.079	1	-0.451566
POLD2	-0.079	1	-0.451566
SRM	-0.079	1	-0.451566
RPS15A	-0.079	1	-0.451566
TTN	-0.08	1	-0.457282
HUS1	-0.08	1	-0.457282
ZADH2	-0.08	1	-0.457282
CIT	-0.081	1	-0.462998
RFT1	-0.081	1	-0.462998
DNAJB1	-0.081	1	-0.462998
NKRF	-0.081	1	-0.462998
MRPL16	-0.081	1	-0.462998
HDLBP	-0.081	1	-0.462998
RPL27	-0.082	1	-0.468714
DOCK9	-0.082	1	-0.468714
ANKFY1	-0.082	1	-0.468714
SPTLC2	-0.082	1	-0.468714
HOXA10	-0.082	1	-0.468714
DNAH5	-0.083	1	-0.47443
SHPK	-0.083	1	-0.47443
GTPBP1	-0.083	1	-0.47443
GLB1	-0.083	1	-0.47443
PMVK	-0.083	1	-0.47443
PRPF38B	-0.083	1	-0.47443
RPS3	-0.083	1	-0.47443
CCT7	-0.083	1	-0.47443
BUB3	-0.083	1	-0.47443
WDR33	-0.084	1	-0.480146
DECR2	-0.084	1	-0.480146
SRP14	-0.084	1	-0.480146
SAV1	-0.084	1	-0.480146
OXNAD1	-0.084	1	-0.480146
LYPLA2	-0.084	1	-0.480146
TMEM177	-0.085	1	-0.485862
EED	-0.085	1	-0.485862
CHORDC1	-0.085	1	-0.485862
FBL	-0.085	1	-0.485862
GALNT1	-0.086	1	-0.491578
AP2M1	-0.086	1	-0.491578
MED1	-0.086	1	-0.491578
GAA	-0.086	1	-0.491578
ACTR1B	-0.086	1	-0.491578
SLC1A4	-0.086	1	-0.491578
MKI67	-0.087	1	-0.497294
NOC3L	-0.087	1	-0.497294
ERGIC3	-0.087	1	-0.497294
GTF2I	-0.087	1	-0.497294
PCMT1	-0.087	1	-0.497294
MDH2	-0.088	1	-0.50301
SUCLA2	-0.088	1	-0.50301
RPL21	-0.088	1	-0.50301
CNOT6	-0.088	1	-0.50301
BZW1	-0.088	1	-0.50301
RPL9	-0.088	1	-0.50301
RMI2	-0.089	1	-0.508726
SLC25A3	-0.089	1	-0.508726
SNTB2	-0.089	1	-0.508726
SUMF2	-0.089	1	-0.508726
DDX6	-0.089	1	-0.508726
KIF14	-0.089	1	-0.508726
HDAC6	-0.089	1	-0.508726
HSPA9	-0.089	1	-0.508726
AP2B1	-0.089	1	-0.508726
SPEN	-0.09	1	-0.514442
MT-CO1	-0.09	1	-0.514442
SESN2	-0.09	1	-0.514442
RPS6KA3	-0.09	1	-0.514442
C12ORF10	-0.09	1	-0.514442
MRPL15	-0.09	1	-0.514442
ATXN2L	-0.09	1	-0.514442
XPO6	-0.09	1	-0.514442
TCF25	-0.091	1	-0.520158
TACO1	-0.091	1	-0.520158
WDR1	-0.091	1	-0.520158
FEN1	-0.091	1	-0.520158
ACOT7	-0.091	1	-0.520158
GTF3C2	-0.092	1	-0.525874
CHD8	-0.092	1	-0.525874
EIF4G2	-0.092	1	-0.525874
ZKSCAN4	-0.093	1	-0.53159
FARP1	-0.093	1	-0.53159
ATAD1	-0.093	1	-0.53159
PHB2	-0.093	1	-0.53159
IDH2	-0.093	1	-0.53159
RAB21	-0.093	1	-0.53159
USP9X	-0.093	1	-0.53159
DOCK1	-0.093	1	-0.53159
QRICH1	-0.093	1	-0.53159
HNRNPA2B1	-0.094	1	-0.537306
RBM45	-0.094	1	-0.537306
RPS10	-0.094	1	-0.537306
ZNF277	-0.094	1	-0.537306
GTF3C1	-0.094	1	-0.537306
TRIP13	-0.094	1	-0.537306
NUP50	-0.094	1	-0.537306
CBS	-0.094	1	-0.537306
CTU2	-0.094	1	-0.537306
AGTPBP1	-0.094	1	-0.537306
MAP4K5	-0.094	1	-0.537306
ADCK4	-0.094	1	-0.537306
PRKAA1	-0.094	1	-0.537306
ALDH4A1	-0.094	1	-0.537306
ITPK1	-0.094	1	-0.537306
ITPA	-0.095	1	-0.543022
RXRA	-0.095	1	-0.543022
PPA1	-0.095	1	-0.543022
RUVBL1	-0.096	1	-0.548738
PICALM	-0.096	1	-0.548738
PTPLB	-0.097	1	-0.554454
PSMD4	-0.097	1	-0.554454
DDX41	-0.097	1	-0.554454
NAA15	-0.097	1	-0.554454
SF3B3	-0.097	1	-0.554454
ZNF629	-0.098	1	-0.56017
PRKCD	-0.098	1	-0.56017
RBMS2	-0.099	1	-0.565886
FAM57A	-0.099	1	-0.565886
GTPBP2	-0.099	1	-0.565886
ABR	-0.099	1	-0.565886
IQGAP3	-0.099	1	-0.565886
EXO1	-0.099	1	-0.565886
COG5	-0.099	1	-0.565886
TRMT2A	-0.099	1	-0.565886
LASS1	-0.1	1	-0.571602
IFT122	-0.1	1	-0.571602
AGFG2	-0.1	1	-0.571602
PARD3	-0.101	1	-0.577318
ICMT	-0.101	1	-0.577318
IP6K1	-0.101	1	-0.577318
PLD3	-0.101	1	-0.577318
PFKL	-0.101	1	-0.577318
TEAD4	-0.102	1	-0.583034
RPF1	-0.102	1	-0.583034
DECR1	-0.102	1	-0.583034
VPS13A	-0.102	1	-0.583034
RAN	-0.102	1	-0.583034
WDR34	-0.102	1	-0.583034
P4HA1	-0.102	1	-0.583034
PSMB2	-0.103	1	-0.58875
MRE11A	-0.103	1	-0.58875
ERCC3	-0.103	1	-0.58875
PRKACB	-0.103	1	-0.58875
DARS2	-0.103	1	-0.58875
FADS1	-0.103	1	-0.58875
YWHAH	-0.104	1	-0.594466
UPF2	-0.104	1	-0.594466
AGK	-0.104	1	-0.594466
GSTP1	-0.104	1	-0.594466
EHD1	-0.104	1	-0.594466
TUBGCP4	-0.104	1	-0.594466
MTO1	-0.104	1	-0.594466
EXOSC3	-0.104	1	-0.594466
RPL32	-0.105	1	-0.600182
COX15	-0.105	1	-0.600182
LRBA	-0.105	1	-0.600182
SF3A3	-0.105	1	-0.600182
ANK3	-0.105	1	-0.600182
MTP18	-0.105	1	-0.600182
CYP51A1	-0.105	1	-0.600182
ZNF143	-0.106	1	-0.605898
DHCR7	-0.106	1	-0.605898
MFSD10	-0.106	1	-0.605898
SENP3	-0.106	1	-0.605898
RPS2	-0.106	1	-0.605898
ILVBL	-0.106	1	-0.605898
PTPN13	-0.106	1	-0.605898
PDLIM5	-0.107	1	-0.611615
SLC35B2	-0.107	1	-0.611615
EHHADH	-0.107	1	-0.611615
CLTC	-0.107	1	-0.611615
KIAA1797	-0.107	1	-0.611615
UBR1	-0.107	1	-0.611615
NPEPPS	-0.107	1	-0.611615
GK	-0.107	1	-0.611615
RABL2A	-0.107	1	-0.611615
MOSC2	-0.107	1	-0.611615
SPTAN1	-0.108	1	-0.617331
TCERG1	-0.108	1	-0.617331
AMOT	-0.108	1	-0.617331
DNM2	-0.108	1	-0.617331
CUL1	-0.108	1	-0.617331
SC5DL	-0.108	1	-0.617331
AP1M1	-0.108	1	-0.617331
PARVB	-0.108	1	-0.617331
RPL7A	-0.109	1	-0.623047
RDH13	-0.109	1	-0.623047
PSMA1	-0.11	1	-0.628763
RER1	-0.11	1	-0.628763
PHF6	-0.11	1	-0.628763
NUDT19	-0.11	1	-0.628763
XRCC3	-0.11	1	-0.628763
PDK3	-0.11	1	-0.628763
POLD1	-0.11	1	-0.628763
RPL38	-0.11	1	-0.628763
PSMD7	-0.11	1	-0.628763
DHFR	-0.11	1	-0.628763
SPNS1	-0.111	1	-0.634479
AIMP1	-0.111	1	-0.634479
COPS2	-0.111	1	-0.634479
ACSL4	-0.111	1	-0.634479
MAP3K7	-0.112	1	-0.640195
GTF2H3	-0.112	1	-0.640195
CTBP2	-0.112	1	-0.640195
CDK5	-0.112	1	-0.640195
TWF1	-0.112	1	-0.640195
ZDHHC17	-0.112	1	-0.640195
CISD1	-0.112	1	-0.640195
PPFIA1	-0.113	1	-0.645911
AMZ2	-0.113	1	-0.645911
AP2A1	-0.113	1	-0.645911
SLC25A15	-0.113	1	-0.645911
RPS6KA5	-0.113	1	-0.645911
PRKAA2	-0.113	1	-0.645911
PPP2CB	-0.113	1	-0.645911
ERO1LB	-0.114	1	-0.651627
PNO1	-0.114	1	-0.651627
ATP13A1	-0.114	1	-0.651627
SR140	-0.114	1	-0.651627
HNRNPR	-0.114	1	-0.651627
POLR3A	-0.114	1	-0.651627
ALKBH4	-0.114	1	-0.651627
RP9	-0.115	1	-0.657343
IMP3	-0.115	1	-0.657343
RPS25	-0.115	1	-0.657343
SRPRB	-0.115	1	-0.657343
SLC25A21	-0.115	1	-0.657343
PRPSAP1	-0.115	1	-0.657343
SLC35A3	-0.115	1	-0.657343
GTF3C5	-0.116	1	-0.663059
PPP3CA	-0.116	1	-0.663059
POLR2B	-0.116	1	-0.663059
SMUG1	-0.116	1	-0.663059
DIMT1L	-0.117	1	-0.668775
SMC2	-0.117	1	-0.668775
GMPPA	-0.117	1	-0.668775
UBAP2L	-0.117	1	-0.668775
PARG	-0.117	1	-0.668775
UTP11L	-0.118	1	-0.674491
COMMD2	-0.118	1	-0.674491
YIF1B	-0.118	1	-0.674491
RNF2	-0.118	1	-0.674491
TFB1M	-0.118	1	-0.674491
DUS2L	-0.118	1	-0.674491
SNX7	-0.118	1	-0.674491
VPS33B	-0.118	1	-0.674491
SULT1A1	-0.118	1	-0.674491
PYCR1	-0.119	1	-0.680207
RPL24	-0.119	1	-0.680207
GSK3A	-0.119	1	-0.680207
TMEM38B	-0.119	1	-0.680207
AMMECR1	-0.119	1	-0.680207
ANXA6	-0.12	1	-0.685923
APTX	-0.12	1	-0.685923
EIF2S1	-0.12	1	-0.685923
QRSL1	-0.12	1	-0.685923
FMR1	-0.121	1	-0.691639
CSTF1	-0.121	1	-0.691639
SPG7	-0.121	1	-0.691639
PARL	-0.121	1	-0.691639
CSDE1	-0.121	1	-0.691639
GMDS	-0.121	1	-0.691639
SLC25A46	-0.122	1	-0.697355
TM9SF3	-0.122	1	-0.697355
MOBKL1A	-0.122	1	-0.697355
MRPL23	-0.122	1	-0.697355
APRT	-0.122	1	-0.697355
MAD2L1BP	-0.123	1	-0.703071
FARP2	-0.123	1	-0.703071
YLPM1	-0.123	1	-0.703071
ARL5B	-0.123	1	-0.703071
UBLCP1	-0.123	1	-0.703071
NCKAP1	-0.123	1	-0.703071
CTSC	-0.124	1	-0.708787
FARSB	-0.124	1	-0.708787
KIAA0564	-0.124	1	-0.708787
ACADSB	-0.124	1	-0.708787
GNA11	-0.124	1	-0.708787
SURF6	-0.125	1	-0.714503
TOR1AIP2	-0.125	1	-0.714503
CARS2	-0.125	1	-0.714503
PRPSAP2	-0.125	1	-0.714503
PDCD11	-0.125	1	-0.714503
PSMA7	-0.125	1	-0.714503
ATP1B3	-0.125	1	-0.714503
HK2	-0.125	1	-0.714503
MBOAT7	-0.126	1	-0.720219
AARSD1	-0.126	1	-0.720219
PIPSL	-0.126	1	-0.720219
SCAMP1	-0.126	1	-0.720219
ASMTL	-0.126	1	-0.720219
SLC25A23	-0.126	1	-0.720219
CTTN	-0.126	1	-0.720219
SMAP2	-0.126	1	-0.720219
TRM1L	-0.126	1	-0.720219
AASS	-0.126	1	-0.720219
KDELC2	-0.126	1	-0.720219
GLO1	-0.127	1	-0.725935
RPL7	-0.127	1	-0.725935
NUTF2	-0.127	1	-0.725935
ASNS	-0.127	1	-0.725935
PFKP	-0.127	1	-0.725935
RBMS1	-0.128	1	-0.731651
DCXR	-0.128	1	-0.731651
DUSP12	-0.128	1	-0.731651
TOMM7	-0.128	1	-0.731651
ZNF622	-0.128	1	-0.731651
MYO1B	-0.129	1	-0.737367
FLNB	-0.129	1	-0.737367
FADS2	-0.129	1	-0.737367
RPS24	-0.129	1	-0.737367
TUBA4A	-0.129	1	-0.737367
FAM120A	-0.129	1	-0.737367
UMPS	-0.129	1	-0.737367
NDUFB4	-0.129	1	-0.737367
STK24	-0.129	1	-0.737367
ARMC1	-0.13	1	-0.743083
KDELR1	-0.13	1	-0.743083
C10ORF119	-0.13	1	-0.743083
ACADM	-0.13	1	-0.743083
ILKAP	-0.13	1	-0.743083
HERC5	-0.13	1	-0.743083
C15ORF24	-0.13	1	-0.743083
IFT80	-0.13	1	-0.743083
POLD3	-0.13	1	-0.743083
UBTF	-0.13	1	-0.743083
ANAPC7	-0.131	1	-0.748799
TIAL1	-0.132	1	-0.754515
CCNC	-0.132	1	-0.754515
LARS	-0.132	1	-0.754515
ARPC3	-0.133	1	-0.760231
PRPF40A	-0.133	1	-0.760231
RRP7A	-0.133	1	-0.760231
RPL23A	-0.133	1	-0.760231
UBR5	-0.133	1	-0.760231
NCAPD2	-0.133	1	-0.760231
RPL28	-0.134	1	-0.765947
PMM2	-0.134	1	-0.765947
DHX33	-0.134	1	-0.765947
RPS19	-0.134	1	-0.765947
POGZ	-0.134	1	-0.765947
MRPL24	-0.134	1	-0.765947
EFTUD1	-0.134	1	-0.765947
NDUFS2	-0.134	1	-0.765947
VPS36	-0.134	1	-0.765947
SCO2	-0.135	1	-0.771663
RPS9	-0.135	1	-0.771663
TPX2	-0.135	1	-0.771663
FKBP5	-0.135	1	-0.771663
RBM9	-0.135	1	-0.771663
ZNF724P	-0.136	1	-0.777379
PDCD4	-0.136	1	-0.777379
C17ORF61	-0.136	1	-0.777379
ZMYM2	-0.136	1	-0.777379
AP3M1	-0.136	1	-0.777379
EIF2C2	-0.136	1	-0.777379
NEK6	-0.137	1	-0.783095
ERCC6L	-0.137	1	-0.783095
GSPT1	-0.137	1	-0.783095
PRPF8	-0.137	1	-0.783095
PRKACA	-0.137	1	-0.783095
TBCE	-0.137	1	-0.783095
MRPL14	-0.137	1	-0.783095
SLC7A3	-0.137	1	-0.783095
ATL3	-0.138	1	-0.788811
DVL1	-0.138	1	-0.788811
RPS21	-0.138	1	-0.788811
PM20D2	-0.138	1	-0.788811
COPG2	-0.138	1	-0.788811
HSPA13	-0.139	1	-0.794527
CSNK2A2	-0.14	1	-0.800243
MAD1L1	-0.14	1	-0.800243
ARL3	-0.14	1	-0.800243
TWF2	-0.141	1	-0.805959
PATL1	-0.141	1	-0.805959
MYO6	-0.142	1	-0.811675
PLAA	-0.142	1	-0.811675
NOL8	-0.142	1	-0.811675
PDIA3	-0.142	1	-0.811675
RPL13	-0.143	1	-0.817391
CNP	-0.143	1	-0.817391
MCAT	-0.143	1	-0.817391
RAB24	-0.143	1	-0.817391
ASCC1	-0.143	1	-0.817391
FBXL12	-0.143	1	-0.817391
CAPN2	-0.143	1	-0.817391
SSBP1	-0.143	1	-0.817391
RBM25	-0.144	1	-0.823107
EPB41L3	-0.144	1	-0.823107
RBPMS2	-0.144	1	-0.823107
PPME1	-0.144	1	-0.823107
SUN1	-0.145	1	-0.828823
SPATA5	-0.145	1	-0.828823
URGCP	-0.145	1	-0.828823
PCBP2	-0.146	1	-0.834539
RIPK1	-0.146	1	-0.834539
KDM4B	-0.146	1	-0.834539
PDLIM7	-0.146	1	-0.834539
MRPS11	-0.146	1	-0.834539
PDXP	-0.146	1	-0.834539
TSPO	-0.147	1	-0.840255
ROD1	-0.147	1	-0.840255
EEF1G	-0.147	1	-0.840255
OGT	-0.147	1	-0.840255
COX6C	-0.147	1	-0.840255
PRPF4	-0.147	1	-0.840255
IKBKB	-0.148	1	-0.845971
TROVE2	-0.148	1	-0.845971
TK1	-0.149	1	-0.851687
BZW2	-0.149	1	-0.851687
IDI1	-0.149	1	-0.851687
CDC5L	-0.15	1	-0.857404
PARP2	-0.15	1	-0.857404
UQCRQ	-0.15	1	-0.857404
SMC5	-0.151	1	-0.86312
RPL4	-0.151	1	-0.86312
METAP2	-0.151	1	-0.86312
RBM26	-0.151	1	-0.86312
LSM14B	-0.151	1	-0.86312
WDR82	-0.152	1	-0.868836
PGM2	-0.152	1	-0.868836
ACOX3	-0.152	1	-0.868836
CRAT	-0.154	1	-0.880268
SBDS	-0.154	1	-0.880268
TSN	-0.154	1	-0.880268
MRPL10	-0.154	1	-0.880268
AP1G1	-0.154	1	-0.880268
TTC27	-0.155	1	-0.885984
WHSC2	-0.155	1	-0.885984
ZWILCH	-0.156	1	-0.8917
SERAC1	-0.156	1	-0.8917
BCL2L13	-0.156	1	-0.8917
CNN3	-0.156	1	-0.8917
FTO	-0.156	1	-0.8917
SLIRP	-0.157	1	-0.897416
RABL3	-0.157	1	-0.897416
RANBP1	-0.158	1	-0.903132
ABHD14B	-0.158	1	-0.903132
ALDH16A1	-0.158	1	-0.903132
PPP5C	-0.159	1	-0.908848
C17ORF62	-0.159	1	-0.908848
DIRAS1	-0.159	1	-0.908848
ACAA2	-0.159	1	-0.908848
RHOT1	-0.159	1	-0.908848
RPTOR	-0.159	1	-0.908848
PANK4	-0.159	1	-0.908848
DSTN	-0.16	1	-0.914564
MLTK	-0.16	1	-0.914564
MAP2K2	-0.16	1	-0.914564
PSMD10	-0.16	1	-0.914564
TRMT5	-0.16	1	-0.914564
MFN2	-0.161	1	-0.92028
NUDT21	-0.161	1	-0.92028
GNL3L	-0.161	1	-0.92028
CAMK2G	-0.161	1	-0.92028
CHD2	-0.162	1	-0.925996
RBM15B	-0.162	1	-0.925996
ZFR	-0.163	1	-0.931712
SDAD1	-0.163	1	-0.931712
NDRG3	-0.163	1	-0.931712
TMEM70	-0.164	1	-0.937428
USP14	-0.164	1	-0.937428
EXOC2	-0.164	1	-0.937428
CDYL	-0.164	1	-0.937428
SARM1	-0.164	1	-0.937428
SLC25A1	-0.165	1	-0.943144
ALG13	-0.165	1	-0.943144
PTK2	-0.165	1	-0.943144
BRIP1	-0.165	1	-0.943144
TOMM40L	-0.166	1	-0.94886
RNASEH2C	-0.166	1	-0.94886
RBM33	-0.167	1	-0.954576
ACO1	-0.167	1	-0.954576
COG1	-0.167	1	-0.954576
PCNP	-0.168	1	-0.960292
RPS13	-0.168	1	-0.960292
ITPR3	-0.168	1	-0.960292
FFR	-0.168	1	-0.960292
ISG20L2	-0.168	1	-0.960292
PRPS2	-0.168	1	-0.960292
C12ORF23	-0.168	1	-0.960292
CBWD2	-0.168	1	-0.960292
C3ORF1	-0.168	1	-0.960292
ACP1	-0.169	1	-0.966008
GLI3	-0.169	1	-0.966008
EPB41L2	-0.17	1	-0.971724
XRN1	-0.17	1	-0.971724
CNOT8	-0.17	1	-0.971724
USP4	-0.17	1	-0.971724
MTFMT	-0.17	1	-0.971724
ZNF512	-0.171	1	-0.97744
NSUN3	-0.171	1	-0.97744
BCCIP	-0.171	1	-0.97744
PKP2	-0.173	1	-0.988872
EIF5A	-0.173	1	-0.988872
VPS53	-0.173	1	-0.988872
AP1G2	-0.173	1	-0.988872
SEC61G	-0.174	1	-0.994588
KIF22	-0.174	1	-0.994588
MYO1C	-0.174	1	-0.994588
GFPT2	-0.174	1	-0.994588
UBE2M	-0.175	1	-1.0003
DERL1	-0.175	1	-1.0003
SAMM50	-0.175	1	-1.0003
NDUFA12	-0.175	1	-1.0003
PSMA3	-0.175	1	-1.0003
RNH1	-0.175	1	-1.0003
SDCBP	-0.175	1	-1.0003
PELO	-0.176	1	-1.00602
LYPLA1	-0.176	1	-1.00602
GSE1	-0.176	1	-1.00602
AK3	-0.177	1	-1.01174
SFXN4	-0.177	1	-1.01174
MGST3	-0.177	1	-1.01174
FTSJ2	-0.178	1	-1.01745
EIF3I	-0.178	1	-1.01745
SEC31A	-0.178	1	-1.01745
FASTKD1	-0.179	1	-1.02317
EXOC3	-0.179	1	-1.02317
HNRPDL	-0.18	1	-1.02888
SLK	-0.181	1	-1.0346
AASDHPPT	-0.181	1	-1.0346
UTRN	-0.182	1	-1.04032
TNRC18	-0.182	1	-1.04032
TXNDC9	-0.182	1	-1.04032
CTNNBL1	-0.182	1	-1.04032
PSMB5	-0.183	1	-1.04603
FAM120B	-0.184	1	-1.05175
MT-ND4	-0.184	1	-1.05175
TBPL1	-0.184	1	-1.05175
GNPDA1	-0.184	1	-1.05175
NUMB	-0.185	1	-1.05746
LIPA	-0.185	1	-1.05746
PAPD4	-0.185	1	-1.05746
MAP2K4	-0.186	1	-1.06318
NAA35	-0.186	1	-1.06318
PFKM	-0.186	1	-1.06318
SFRS11	-0.186	1	-1.06318
C9ORF125	-0.186	1	-1.06318
ADAP1	-0.187	1	-1.0689
ALG6	-0.187	1	-1.0689
CLGN	-0.187	1	-1.0689
DNM3	-0.187	1	-1.0689
RBM27	-0.187	1	-1.0689
GPD1L	-0.187	1	-1.0689
IDH1	-0.187	1	-1.0689
TMEM11	-0.188	1	-1.07461
CHTF8	-0.188	1	-1.07461
DLD	-0.188	1	-1.07461
NNT	-0.188	1	-1.07461
NAE1	-0.188	1	-1.07461
AUTS2	-0.189	1	-1.08033
CDC27	-0.189	1	-1.08033
XPO7	-0.19	1	-1.08604
INTS6	-0.19	1	-1.08604
MEX3A	-0.191	1	-1.09176
MID1	-0.191	1	-1.09176
GBAS	-0.191	1	-1.09176
HSPA4L	-0.191	1	-1.09176
TRMU	-0.191	1	-1.09176
CPSF3L	-0.191	1	-1.09176
COPB2	-0.192	1	-1.09748
RPL6	-0.192	1	-1.09748
BDH1	-0.192	1	-1.09748
TUBG1	-0.192	1	-1.09748
C16ORF58	-0.192	1	-1.09748
SNRPE	-0.192	1	-1.09748
GAPVD1	-0.193	1	-1.10319
RPS6KA1	-0.193	1	-1.10319
SH3PXD2B	-0.193	1	-1.10319
XRCC6	-0.193	1	-1.10319
AKT1	-0.193	1	-1.10319
MAP2K3	-0.194	1	-1.10891
PISD	-0.195	1	-1.11462
PARP1	-0.195	1	-1.11462
DDX46	-0.196	1	-1.12034
NAA16	-0.196	1	-1.12034
MAP2K1	-0.196	1	-1.12034
DNAJB5	-0.196	1	-1.12034
PLS3	-0.197	1	-1.12606
CHERP	-0.197	1	-1.12606
BPNT1	-0.197	1	-1.12606
UBE2D3	-0.198	1	-1.13177
STRBP	-0.198	1	-1.13177
EDEM3	-0.199	1	-1.13749
C3ORF17	-0.199	1	-1.13749
ATP5O	-0.199	1	-1.13749
KIF16B	-0.199	1	-1.13749
SLC12A2	-0.199	1	-1.13749
ALDH1L2	-0.199	1	-1.13749
CHD1L	-0.199	1	-1.13749
AGPAT2	-0.2	1	-1.1432
HSD17B7	-0.2	1	-1.1432
ABCA3	-0.2	1	-1.1432
GTF3C3	-0.2	1	-1.1432
ZNF22	-0.201	1	-1.14892
PUM2	-0.201	1	-1.14892
RBM19	-0.201	1	-1.14892
CUL2	-0.202	1	-1.15464
PIGG	-0.202	1	-1.15464
TELO2	-0.202	1	-1.15464
EEF1A1	-0.202	1	-1.15464
UBE2O	-0.202	1	-1.15464
ZNF430	-0.203	1	-1.16035
MEPCE	-0.203	1	-1.16035
DTL	-0.204	1	-1.16607
UBR3	-0.204	1	-1.16607
EPB41	-0.205	1	-1.17178
BRIX1	-0.205	1	-1.17178
SCP2	-0.206	1	-1.1775
IQGAP2	-0.206	1	-1.1775
NSUN5	-0.206	1	-1.1775
MAN1B1	-0.207	1	-1.18322
RRP8	-0.208	1	-1.18893
TMED9	-0.208	1	-1.18893
CDK8	-0.208	1	-1.18893
EEF1E1	-0.209	1	-1.19465
SERPINB6	-0.21	1	-1.20036
MED14	-0.21	1	-1.20036
SGPL1	-0.21	1	-1.20036
ECD	-0.21	1	-1.20036
PPP6C	-0.211	1	-1.20608
ADO	-0.212	1	-1.2118
KHDRBS1	-0.212	1	-1.2118
SNRPF	-0.212	1	-1.2118
L3MBTL3	-0.213	1	-1.21751
MTX2	-0.213	1	-1.21751
NCOR2	-0.213	1	-1.21751
KIAA1967	-0.213	1	-1.21751
ANXA11	-0.213	1	-1.21751
AMFR	-0.213	1	-1.21751
EIF3F	-0.213	1	-1.21751
TOMM70A	-0.214	1	-1.22323
PPP1R8	-0.215	1	-1.22895
REXO4	-0.216	1	-1.23466
PGP	-0.216	1	-1.23466
MRPL45	-0.216	1	-1.23466
WDR26	-0.216	1	-1.23466
CSK	-0.216	1	-1.23466
CUL7	-0.217	1	-1.24038
HDAC1	-0.217	1	-1.24038
CLP1	-0.217	1	-1.24038
GBF1	-0.217	1	-1.24038
UBE2I	-0.217	1	-1.24038
SMG1	-0.218	1	-1.24609
C21ORF57	-0.218	1	-1.24609
SLC7A5	-0.218	1	-1.24609
EEF1A2	-0.218	1	-1.24609
PITRM1	-0.218	1	-1.24609
SLC25A40	-0.219	1	-1.25181
RPL13A	-0.219	1	-1.25181
SCCPDH	-0.219	1	-1.25181
GPAA1	-0.219	1	-1.25181
KATNB1	-0.219	1	-1.25181
PYCR2	-0.221	1	-1.26324
KDM1A	-0.221	1	-1.26324
NEK9	-0.221	1	-1.26324
YARS	-0.221	1	-1.26324
RAD51	-0.221	1	-1.26324
CNOT10	-0.222	1	-1.26896
DOPEY2	-0.222	1	-1.26896
MORC2	-0.223	1	-1.27467
VPS54	-0.223	1	-1.27467
STK3	-0.223	1	-1.27467
PRMT5	-0.224	1	-1.28039
AP3M2	-0.224	1	-1.28039
MED12	-0.225	1	-1.28611
CUL4A	-0.225	1	-1.28611
GRB2	-0.226	1	-1.29182
HAUS5	-0.226	1	-1.29182
RAB3GAP2	-0.226	1	-1.29182
PDP1	-0.226	1	-1.29182
ORC4L	-0.226	1	-1.29182
HELZ	-0.226	1	-1.29182
RBM16	-0.227	1	-1.29754
COPS5	-0.227	1	-1.29754
PRKCA	-0.227	1	-1.29754
FAF1	-0.227	1	-1.29754
BLVRA	-0.228	1	-1.30325
LGMN	-0.229	1	-1.30897
FIG4	-0.229	1	-1.30897
FPGT	-0.229	1	-1.30897
TBP	-0.229	1	-1.30897
NAA10	-0.229	1	-1.30897
MYO9B	-0.229	1	-1.30897
BLM	-0.23	1	-1.31469
ABHD11	-0.231	1	-1.3204
XPO4	-0.231	1	-1.3204
COPE	-0.231	1	-1.3204
SYNJ1	-0.231	1	-1.3204
ZC3HAV1	-0.232	1	-1.32612
ACTR1A	-0.232	1	-1.32612
GYG1	-0.232	1	-1.32612
NOC2L	-0.233	1	-1.33183
SHPRH	-0.233	1	-1.33183
NUDT16L1	-0.233	1	-1.33183
FLNC	-0.234	1	-1.33755
ZNF740	-0.236	1	-1.34898
EIF3B	-0.237	1	-1.3547
CARM1	-0.238	1	-1.36041
TSNAX	-0.238	1	-1.36041
LDHA	-0.238	1	-1.36041
GARS	-0.238	1	-1.36041
RIOK2	-0.238	1	-1.36041
RPL30	-0.24	1	-1.37185
RPS6KB1	-0.24	1	-1.37185
RPL37A	-0.242	1	-1.38328
HDAC2	-0.242	1	-1.38328
PRPS1	-0.242	1	-1.38328
PTPN9	-0.243	1	-1.38899
RPL29	-0.244	1	-1.39471
PACS1	-0.244	1	-1.39471
PHGDH	-0.244	1	-1.39471
MYO1D	-0.246	1	-1.40614
PDPR	-0.246	1	-1.40614
CTDP1	-0.246	1	-1.40614
SYK	-0.246	1	-1.40614
C11ORF73	-0.246	1	-1.40614
SLC30A5	-0.247	1	-1.41186
RPL14	-0.248	1	-1.41757
UBA6	-0.248	1	-1.41757
AURKAIP1	-0.248	1	-1.41757
USP10	-0.248	1	-1.41757
C20ORF24	-0.249	1	-1.42329
PHC2	-0.249	1	-1.42329
SLC37A4	-0.25	1	-1.42901
LDHB	-0.25	1	-1.42901
TPP2	-0.25	1	-1.42901
C3ORF26	-0.25	1	-1.42901
TMCO1	-0.25	1	-1.42901
PGD	-0.25	1	-1.42901
NOLC1	-0.251	1	-1.43472
ORC1L	-0.251	1	-1.43472
ARPC1B	-0.251	1	-1.43472
CHEK1	-0.251	1	-1.43472
IMPACT	-0.252	1	-1.44044
LASS6	-0.252	1	-1.44044
LASS2	-0.253	1	-1.44615
PTDSS1	-0.253	1	-1.44615
CCAR1	-0.253	1	-1.44615
APOBEC3C	-0.255	1	-1.45759
TOP1	-0.255	1	-1.45759
SNX3	-0.255	1	-1.45759
ZCCHC17	-0.256	1	-1.4633
NF1	-0.257	1	-1.46902
RAE1	-0.258	1	-1.47473
VPS4A	-0.259	1	-1.48045
KLHL9	-0.259	1	-1.48045
GCLC	-0.26	1	-1.48617
PPA2	-0.26	1	-1.48617
DNAJC13	-0.26	1	-1.48617
C15ORF61	-0.261	1	-1.49188
RPS27A	-0.261	1	-1.49188
RBM28	-0.263	1	-1.50331
AK2	-0.263	1	-1.50331
DYM	-0.263	1	-1.50331
TRUB1	-0.263	1	-1.50331
RAD51L1	-0.264	1	-1.50903
MRPL3	-0.264	1	-1.50903
ACAD11	-0.264	1	-1.50903
FECH	-0.267	1	-1.52618
C11ORF59	-0.267	1	-1.52618
PSPC1	-0.267	1	-1.52618
UAP1L1	-0.268	1	-1.53189
RPL34	-0.269	1	-1.53761
GEN1	-0.269	1	-1.53761
HDAC8	-0.269	1	-1.53761
PABPC1	-0.27	1	-1.54333
TRMT1	-0.27	1	-1.54333
AGPAT3	-0.271	1	-1.54904
MPP6	-0.271	1	-1.54904
MCART1	-0.272	1	-1.55476
TPP1	-0.274	1	-1.56619
TOPBP1	-0.274	1	-1.56619
MRPS15	-0.274	1	-1.56619
EYA1	-0.274	1	-1.56619
RPL36	-0.274	1	-1.56619
SUGT1	-0.274	1	-1.56619
INTS3	-0.274	1	-1.56619
ALDH9A1	-0.275	1	-1.57191
PIGT	-0.275	1	-1.57191
MRPL21	-0.276	1	-1.57762
BUB1	-0.277	1	-1.58334
NUSAP1	-0.278	1	-1.58905
PTP4A1	-0.278	1	-1.58905
NHP2L1	-0.279	1	-1.59477
MRPL33	-0.279	1	-1.59477
TAF2	-0.28	1	-1.60049
CEPT1	-0.28	1	-1.60049
DOCK11	-0.28	1	-1.60049
RRAS	-0.28	1	-1.60049
STX5	-0.282	1	-1.61192
RBM12	-0.283	1	-1.61763
SDHD	-0.283	1	-1.61763
ESRP2	-0.284	1	-1.62335
MT-ND1	-0.284	1	-1.62335
MYO9A	-0.284	1	-1.62335
CRKL	-0.285	1	-1.62907
LYPLAL1	-0.286	1	-1.63478
ZNF229	-0.287	1	-1.6405
ZC3H14	-0.287	1	-1.6405
HIC2	-0.287	1	-1.6405
ACOT13	-0.288	1	-1.64621
EEFSEC	-0.288	1	-1.64621
COQ6	-0.289	1	-1.65193
RBM47	-0.289	1	-1.65193
COMTD1	-0.289	1	-1.65193
MAPRE1	-0.29	1	-1.65765
HSPA14	-0.29	1	-1.65765
RHEB	-0.29	1	-1.65765
STK38L	-0.291	1	-1.66336
SMEK1	-0.291	1	-1.66336
GNB1	-0.292	1	-1.66908
SMYD3	-0.292	1	-1.66908
SMARCAL1	-0.293	1	-1.67479
TMEM201	-0.294	1	-1.68051
EXOSC1	-0.294	1	-1.68051
ESF1	-0.294	1	-1.68051
EIF2S2	-0.295	1	-1.68623
RRAGA	-0.295	1	-1.68623
HPRT1	-0.295	1	-1.68623
UBE2D1	-0.296	1	-1.69194
RQCD1	-0.296	1	-1.69194
METTL7B	-0.296	1	-1.69194
ZNF117	-0.297	1	-1.69766
DHX16	-0.297	1	-1.69766
TBX3	-0.298	1	-1.70337
INPPL1	-0.299	1	-1.70909
USP39	-0.299	1	-1.70909
STK4	-0.299	1	-1.70909
NCAPD3	-0.3	1	-1.71481
RNF123	-0.3	1	-1.71481
HIST1H3A	-0.301	1	-1.72052
MED18	-0.302	1	-1.72624
GLT25D1	-0.303	1	-1.73196
FBXO9	-0.303	1	-1.73196
ATP5L	-0.303	1	-1.73196
NHLRC2	-0.305	1	-1.74339
NSA2	-0.306	1	-1.7491
WDR8	-0.306	1	-1.7491
PEX1	-0.306	1	-1.7491
EIF2B4	-0.306	1	-1.7491
SUZ12	-0.306	1	-1.7491
NUB1	-0.307	1	-1.75482
RPA1	-0.307	1	-1.75482
ERI3	-0.307	1	-1.75482
RPL8	-0.309	1	-1.76625
FHL1	-0.31	1	-1.77197
ZNF121	-0.311	1	-1.77768
SNTB1	-0.311	1	-1.77768
CELF1	-0.313	1	-1.78912
TRAPPC4	-0.313	1	-1.78912
DOCK5	-0.314	1	-1.79483
NDUFA7	-0.314	1	-1.79483
HLTF	-0.314	1	-1.79483
PAQR4	-0.314	1	-1.79483
CSNK1G2	-0.316	1	-1.80626
PTPN14	-0.317	1	-1.81198
AACS	-0.317	1	-1.81198
VPS13D	-0.32	1	-1.82913
TES	-0.321	1	-1.83484
ZXDC	-0.323	1	-1.84628
DUS3L	-0.324	1	-1.85199
FOXK2	-0.325	1	-1.85771
ZFYVE21	-0.326	1	-1.86342
DHX8	-0.331	1	-1.892
RPL36AL	-0.333	1	-1.90344
YIPF5	-0.334	1	-1.90915
FKBP4	-0.335	1	-1.91487
WRB	-0.337	1	-1.9263
RPS11	-0.338	1	-1.93202
RINT1	-0.339	1	-1.93773
ZNF146	-0.34	1	-1.94345
SEC11C	-0.343	1	-1.9606
DCP1A	-0.343	1	-1.9606
DNAJB4	-0.344	1	-1.96631
PRTFDC1	-0.346	1	-1.97774
RPL17	-0.347	1	-1.98346
AURKA	-0.347	1	-1.98346
GTPBP5	-0.347	1	-1.98346
ACOT1	-0.347	1	-1.98346
SMN1	-0.347	1	-1.98346
SNRPA1	-0.349	1	-1.99489
FAM40A	-0.349	1	-1.99489
MUM1	-0.349	1	-1.99489
MAD2L1	-0.353	1	-2.01776
RPA2	-0.354	1	-2.02347
MRPL9	-0.354	1	-2.02347
OMA1	-0.354	1	-2.02347
ALDH1L1	-0.354	1	-2.02347
DYNLL1	-0.355	1	-2.02919
HECA	-0.357	1	-2.04062
COTL1	-0.358	1	-2.04634
XRCC5	-0.359	1	-2.05205
PAN2	-0.361	1	-2.06348
DMXL2	-0.361	1	-2.06348
SELENBP1	-0.361	1	-2.06348
ANAPC5	-0.362	1	-2.0692
ZNF33A	-0.363	1	-2.07492
MTIF2	-0.366	1	-2.09206
C1ORF124	-0.368	1	-2.1035
METT10D	-0.37	1	-2.11493
TXN	-0.371	1	-2.12064
VPS25	-0.372	1	-2.12636
DVL2	-0.374	1	-2.13779
FSCN1	-0.377	1	-2.15494
RPL36A	-0.379	1	-2.16637
CAMK2D	-0.379	1	-2.16637
ZNF574	-0.379	1	-2.16637
RPL27A	-0.382	1	-2.18352
TUBD1	-0.383	1	-2.18924
ZFP1	-0.384	1	-2.19495
SERPINB1	-0.384	1	-2.19495
HIPK2	-0.384	1	-2.19495
ARID1A	-0.385	1	-2.20067
NCOA2	-0.387	1	-2.2121
PRKCQ	-0.387	1	-2.2121
SNF8	-0.388	1	-2.21782
VAV2	-0.389	1	-2.22353
SNRPD2	-0.39	1	-2.22925
PSAT1	-0.391	1	-2.23497
SPCS2	-0.392	1	-2.24068
SATB2	-0.4	1	-2.28641
SENP1	-0.41	1	-2.34357
GNB1L	-0.413	1	-2.36072
DUSP3	-0.413	1	-2.36072
STIP1	-0.415	1	-2.37215
ARL6IP4	-0.416	1	-2.37787
RNF160	-0.417	1	-2.38358
ASPH	-0.418	1	-2.3893
DVL3	-0.419	1	-2.39501
CUL4B	-0.421	1	-2.40645
ZNF250	-0.436	1	-2.49219
RTN3	-0.44	1	-2.51505
C10ORF76	-0.441	1	-2.52077
SEH1L	-0.441	1	-2.52077
SLC25A30	-0.442	1	-2.52648
ZNF660	-0.443	1	-2.5322
NDUFAF3	-0.445	1	-2.54363
GATAD1	-0.447	1	-2.55506
NDUFAF4	-0.447	1	-2.55506
DONSON	-0.448	1	-2.56078
ZC3H18	-0.452	1	-2.58364
ZNF214	-0.452	1	-2.58364
RSL1D1	-0.454	1	-2.59507
NIP7	-0.456	1	-2.60651
CLN6	-0.46	1	-2.62937
CHEK2	-0.46	1	-2.62937
ZNF620	-0.466	1	-2.66367
CORO2A	-0.466	1	-2.66367
HADH	-0.476	1	-2.72083
EIF5	-0.488	1	-2.78942
MAP2K6	-0.502	1	-2.86944
VPS29	-0.504	1	-2.88088
POLQ	-0.516	1	-2.94947
SCML2	-0.527	1	-3.01234
CEP192	-0.53	1	-3.02949
WWOX	-0.537	1	-3.0695
UPRT	-0.551	1	-3.14953
G3BP2	-0.578	1	-3.30386
TMED4	-0.594	1	-3.39532
SF3B2	-0.637	1	-3.64111
SCMH1	-0.646	1	-3.69255
CKAP2	-0.65	1	-3.71542
ANLN	-0.659	1	-3.76686
TPR	-0.66	1	-3.77258
GPR107	-0.661	1	-3.77829
SAMD1	-0.666	1	-3.80687
PHC1	-0.685	1	-3.91548
ASS1	-0.7	1	-4.00122
VCL	-0.913	1	-5.21873
WDR36	-1.279	1	-7.31079
