name	logFC	P.Value	t
MRPL17	3.214	1	27.4492
DTX2	2.909	1	24.8452
ZNF223	2.775	1	23.7011
ZNF7	2.762	1	23.5901
EBP	2.716	1	23.1974
ZNF16	2.636	1	22.5143
ZNF235	2.55	1	21.7801
CHAF1B	2.475	1	21.1397
REPIN1	2.418	1	20.6531
RBM10	2.377	1	20.303
ZNF229	2.361	1	20.1664
TARBP1	2.359	1	20.1493
MT-CO3	2.352	1	20.0896
ZNF234	2.338	1	19.97
ZNF660	2.338	1	19.97
AMBRA1	2.286	1	19.5261
WFS1	2.279	1	19.4663
CTH	2.173	1	18.5613
C1ORF77	2.108	1	18.0063
ZNF167	2.101	1	17.9466
ZNF860	2.101	1	17.9466
NTHL1	2.101	1	17.9466
FOXP2	2.085	1	17.81
PTGES3	2.083	1	17.7929
TRIP6	2.08	1	17.7673
PEX16	2.048	1	17.4941
MLL	2.046	1	17.477
ZNF624	2.009	1	17.1611
TAB2	2.004	1	17.1184
MYST4	1.96	1	16.7427
GATAD2B	1.943	1	16.5976
CYBA	1.84	1	15.7182
ATXN2	1.803	1	15.4023
CMTM4	1.796	1	15.3425
MT-ATP6	1.774	1	15.1547
ZNF420	1.692	1	14.4546
MAT2B	1.689	1	14.429
TBC1D5	1.687	1	14.4119
SCD5	1.618	1	13.8228
ZNF571	1.584	1	13.5325
RDH14	1.573	1	13.4386
ZNF117	1.562	1	13.3447
TMED3	1.559	1	13.3191
STX12	1.556	1	13.2934
PDP2	1.55	1	13.2422
RPS23	1.537	1	13.1312
GTSE1	1.505	1	12.858
FLG2	1.496	1	12.7812
KRT2	1.489	1	12.7214
SLTM	1.462	1	12.4909
EWSR1	1.457	1	12.4482
OTUD4	1.447	1	12.3628
ZNF286A	1.439	1	12.2945
ZNF184	1.439	1	12.2945
BUB1	1.413	1	12.0725
KRT10	1.391	1	11.8847
ZNF76	1.378	1	11.7737
ZNF35	1.376	1	11.7566
SBSN	1.28	1	10.937
FSD1	1.237	1	10.5699
TEAD4	1.231	1	10.5186
ETV3	1.224	1	10.4589
MAN1A2	1.215	1	10.382
ZXDC	1.212	1	10.3564
TCOF1	1.2	1	10.254
PAPD7	1.196	1	10.2198
KIAA0100	1.169	1	9.98929
ODR4	1.16	1	9.91245
KIF3B	1.16	1	9.91245
LIMA1	1.158	1	9.89538
ZNF250	1.141	1	9.75023
RABL4	1.14	1	9.7417
CAMLG	1.139	1	9.73316
SGK3	1.116	1	9.53679
ZNF430	1.115	1	9.52825
MRPS14	1.115	1	9.52825
ZNF354A	1.114	1	9.51971
TSPO	1.09	1	9.3148
TP53I11	1.076	1	9.19527
THRAP3	1.075	1	9.18673
PLEKHA5	1.07	1	9.14405
VAPA	1.066	1	9.10989
HRNR	1.039	1	8.87937
USP5	1.038	1	8.87083
MYH10	1.033	1	8.82814
RPL37	1.018	1	8.70008
ZNF724P	1.002	1	8.56347
CDKN2A	0.992	1	8.47809
ZNF71	0.982	1	8.39271
KRT77	0.98	1	8.37564
POP1	0.976	1	8.34149
KRT19	0.97	1	8.29026
LAGE3	0.966	1	8.25611
MYH9	0.964	1	8.23903
MAP4	0.963	1	8.23049
KRT16	0.947	1	8.09389
RIOK1	0.945	1	8.07681
DCD	0.945	1	8.07681
TAB1	0.942	1	8.0512
XRCC1	0.94	1	8.03412
KRT14	0.928	1	7.93167
TSGA14	0.921	1	7.8719
SIK3	0.9	1	7.69261
SLC22A18	0.898	1	7.67553
MBOAT7	0.893	1	7.63284
ADO	0.888	1	7.59016
CCDC59	0.886	1	7.57308
TAZ	0.868	1	7.4194
SUN2	0.861	1	7.35963
DULLARD	0.859	1	7.34256
DUT	0.85	1	7.26572
PCNT	0.84	1	7.18034
ZNF316	0.839	1	7.1718
TBC1D10B	0.819	1	7.00104
ISCU	0.816	1	6.97543
RPL29	0.814	1	6.95835
BRP44L	0.801	1	6.84736
MBNL3	0.786	1	6.71929
RBM14	0.773	1	6.6083
IRF2BP1	0.759	1	6.48877
CXXC1	0.759	1	6.48877
NDNL2	0.747	1	6.38632
CLIC4	0.746	1	6.37778
ZNF22	0.742	1	6.34363
ARPC4	0.736	1	6.2924
RPL32	0.729	1	6.23264
IMPACT	0.728	1	6.2241
POM121C	0.726	1	6.20702
RPL28	0.724	1	6.18995
SNRNP70	0.719	1	6.14726
RNF138	0.719	1	6.14726
PGM1	0.717	1	6.13018
LUZP1	0.716	1	6.12164
DUSP11	0.713	1	6.09603
LMNB2	0.706	1	6.03627
ZKSCAN4	0.7	1	5.98504
SEC61B	0.699	1	5.9765
MUTYH	0.695	1	5.94235
KRT5	0.688	1	5.88258
RPL19	0.684	1	5.84843
SON	0.677	1	5.78867
SMG7	0.676	1	5.78013
ARHGEF11	0.671	1	5.73744
ADAP1	0.662	1	5.6606
VPS18	0.66	1	5.64352
ZNF3	0.659	1	5.63499
KBTBD11	0.644	1	5.50692
SLC25A42	0.644	1	5.50692
TP53	0.643	1	5.49838
RPL10	0.643	1	5.49838
SERBP1	0.641	1	5.4813
MOXD1	0.639	1	5.46423
MRPL18	0.617	1	5.2764
JUP	0.617	1	5.2764
NME4	0.614	1	5.25078
MBNL1	0.614	1	5.25078
LSM12	0.61	1	5.21663
ZNF195	0.6	1	5.13125
CCDC109B	0.6	1	5.13125
ZIC3	0.596	1	5.0971
SCAMP2	0.595	1	5.08856
KIF18A	0.59	1	5.04587
PEX10	0.583	1	4.98611
ABCB8	0.574	1	4.90927
KRT6C	0.559	1	4.7812
CTNNB1	0.553	1	4.72997
GRAMD1A	0.552	1	4.72144
SEC61A1	0.529	1	4.52506
NCOA2	0.529	1	4.52506
STYX	0.524	1	4.48238
VCPIP1	0.521	1	4.45676
MAZ	0.511	1	4.37138
PSMA1	0.51	1	4.36285
ZNF598	0.508	1	4.34577
ZNF362	0.507	1	4.33723
CIT	0.504	1	4.31162
EFTUD2	0.502	1	4.29454
KRT1	0.502	1	4.29454
ERCC4	0.499	1	4.26893
TAP1	0.493	1	4.2177
RBMS2	0.492	1	4.20916
WDR19	0.492	1	4.20916
LUC7L	0.486	1	4.15794
CDC34	0.483	1	4.13232
SPTAN1	0.482	1	4.12379
PRKD1	0.479	1	4.09817
MLF2	0.478	1	4.08963
GATAD2A	0.472	1	4.03841
PDLIM5	0.471	1	4.02987
SUCLG1	0.469	1	4.01279
ACTA2	0.467	1	3.99572
KIF5C	0.466	1	3.98718
NOLC1	0.459	1	3.92741
KIAA1012	0.452	1	3.86765
CDC42BPA	0.443	1	3.79081
HTATSF1	0.434	1	3.71397
RP9	0.433	1	3.70543
TH1L	0.433	1	3.70543
ZC3H18	0.431	1	3.68835
RPL18A	0.429	1	3.67128
LARP1B	0.429	1	3.67128
LETMD1	0.428	1	3.66274
HDDC3	0.428	1	3.66274
BAT2	0.427	1	3.6542
TMED2	0.424	1	3.62859
ARMC1	0.423	1	3.62005
ZW10	0.421	1	3.60298
DSG2	0.42	1	3.59444
ZNF295	0.42	1	3.59444
IFRD1	0.417	1	3.56882
DYNLL1	0.413	1	3.53467
RPL26	0.411	1	3.5176
RFC3	0.409	1	3.50052
RPAP1	0.405	1	3.46637
FAM57A	0.4	1	3.42368
SRRM1	0.398	1	3.40661
RPL31	0.397	1	3.39807
EMD	0.394	1	3.37245
CORO7	0.394	1	3.37245
ETHE1	0.39	1	3.3383
BAZ1A	0.387	1	3.31269
YTHDC1	0.385	1	3.29561
TSC2	0.385	1	3.29561
GRPEL2	0.385	1	3.29561
MGST1	0.383	1	3.27854
PARD3	0.379	1	3.24439
RPS5	0.377	1	3.22731
ATM	0.376	1	3.21877
ACTC1	0.372	1	3.18462
MYO1D	0.37	1	3.16755
C15ORF61	0.37	1	3.16755
SAMD1	0.363	1	3.10778
CDKN2AIP	0.362	1	3.09924
DNAJA2	0.362	1	3.09924
RPL26L1	0.362	1	3.09924
SRRM2	0.36	1	3.08217
SMEK2	0.36	1	3.08217
SNRPB	0.357	1	3.05655
VIM	0.356	1	3.04802
CLCN7	0.355	1	3.03948
RBM28	0.354	1	3.03094
PNKD	0.349	1	2.98825
AVL9	0.349	1	2.98825
PHC1	0.346	1	2.96264
MRPL4	0.345	1	2.9541
C18ORF55	0.345	1	2.9541
FYTTD1	0.344	1	2.94556
ATL2	0.34	1	2.91141
ZNF828	0.338	1	2.89433
RBM12B	0.337	1	2.8858
UTRN	0.335	1	2.86872
HNRPLL	0.335	1	2.86872
TYK2	0.332	1	2.84311
NUMB	0.33	1	2.82603
FBXO22	0.33	1	2.82603
PLEKHA7	0.325	1	2.78334
DDX42	0.324	1	2.7748
GLTSCR2	0.322	1	2.75773
PDHA1	0.322	1	2.75773
USP36	0.322	1	2.75773
EIF2AK4	0.321	1	2.74919
ACSF3	0.32	1	2.74065
RBMS1	0.319	1	2.73211
TAP2	0.318	1	2.72358
LCLAT1	0.318	1	2.72358
LMAN1	0.317	1	2.71504
SARS2	0.315	1	2.69796
PSMB5	0.313	1	2.68089
POLR1E	0.313	1	2.68089
UBE2M	0.313	1	2.68089
SCMH1	0.312	1	2.67235
TANC1	0.312	1	2.67235
SURF6	0.311	1	2.66381
KIF5B	0.31	1	2.65527
YY1	0.309	1	2.64674
PYCRL	0.303	1	2.59551
RPS27	0.301	1	2.57843
GALNT1	0.299	1	2.56136
SPTBN1	0.298	1	2.55282
GTF2H3	0.296	1	2.53574
SEC61A2	0.294	1	2.51867
RPL8	0.293	1	2.51013
GTPBP3	0.293	1	2.51013
RPS29	0.291	1	2.49305
TRAM1	0.291	1	2.49305
SYNE2	0.289	1	2.47598
GOSR2	0.288	1	2.46744
MUT	0.287	1	2.4589
ABCF1	0.285	1	2.44183
CDS2	0.285	1	2.44183
HIST1H4A	0.284	1	2.43329
SMG1	0.284	1	2.43329
NCDN	0.284	1	2.43329
MAP7D1	0.282	1	2.41621
REEP4	0.28	1	2.39914
SCML2	0.278	1	2.38206
KIF1B	0.277	1	2.37352
RPF1	0.277	1	2.37352
MRPS26	0.276	1	2.36499
IDH3G	0.276	1	2.36499
PPTC7	0.275	1	2.35645
PFN2	0.272	1	2.33084
MAPK9	0.272	1	2.33084
MAP3K7	0.271	1	2.3223
C20ORF24	0.271	1	2.3223
ADNP	0.271	1	2.3223
PEX11B	0.271	1	2.3223
RPL35A	0.27	1	2.31376
FTSJ2	0.27	1	2.31376
HIBCH	0.268	1	2.29668
RPS21	0.268	1	2.29668
POM121	0.267	1	2.28815
NEFL	0.267	1	2.28815
SLC35E1	0.265	1	2.27107
DHCR7	0.265	1	2.27107
TCF25	0.264	1	2.26253
CUL7	0.263	1	2.25399
RFT1	0.262	1	2.24546
LBR	0.262	1	2.24546
TMED5	0.262	1	2.24546
KRT8	0.261	1	2.23692
ARHGAP8	0.261	1	2.23692
RPL36A	0.261	1	2.23692
CRAT	0.261	1	2.23692
DMD	0.261	1	2.23692
SUMO1	0.26	1	2.22838
TARSL2	0.256	1	2.19423
KIFC1	0.254	1	2.17715
DDT	0.253	1	2.16862
GGH	0.253	1	2.16862
KIF2A	0.252	1	2.16008
RPL37A	0.252	1	2.16008
SEC11C	0.252	1	2.16008
GPR50	0.251	1	2.15154
CDC25C	0.251	1	2.15154
ZNF92	0.25	1	2.143
RPL27A	0.249	1	2.13446
RPS27L	0.248	1	2.12593
WDR33	0.247	1	2.11739
SUN1	0.246	1	2.10885
RAD51L1	0.246	1	2.10885
PGP	0.246	1	2.10885
ORMDL1	0.244	1	2.09178
BIRC6	0.244	1	2.09178
ORMDL3	0.244	1	2.09178
ATG9A	0.244	1	2.09178
TRAF3IP2	0.243	1	2.08324
CSNK2B	0.242	1	2.0747
GNS	0.242	1	2.0747
TECR	0.242	1	2.0747
SAP18	0.242	1	2.0747
ZZEF1	0.242	1	2.0747
SNRPD2	0.241	1	2.06616
RPL36AL	0.24	1	2.05762
KPNA3	0.24	1	2.05762
C21ORF57	0.239	1	2.04909
RPL35	0.239	1	2.04909
CTBP1	0.238	1	2.04055
GPR180	0.238	1	2.04055
AGPAT4	0.237	1	2.03201
RPL27	0.236	1	2.02347
EDC3	0.235	1	2.01493
MPDU1	0.235	1	2.01493
FRYL	0.235	1	2.01493
TNRC18	0.233	1	1.99786
MSI1	0.233	1	1.99786
SPNS1	0.232	1	1.98932
YIPF5	0.232	1	1.98932
MSI2	0.232	1	1.98932
EIF5	0.231	1	1.98078
ZNF629	0.23	1	1.97225
CTBP2	0.229	1	1.96371
DHX33	0.229	1	1.96371
TTN	0.228	1	1.95517
SCPEP1	0.228	1	1.95517
CLPTM1	0.227	1	1.94663
H2AFZ	0.227	1	1.94663
HM13	0.227	1	1.94663
FNDC3B	0.226	1	1.93809
RTN3	0.226	1	1.93809
KIDINS220	0.226	1	1.93809
NCKIPSD	0.225	1	1.92956
PTPLB	0.225	1	1.92956
PHLDB2	0.223	1	1.91248
KIAA1543	0.222	1	1.90394
DDX39	0.22	1	1.88687
AUTS2	0.219	1	1.87833
ATAD1	0.219	1	1.87833
PYCR1	0.216	1	1.85272
ZNF143	0.216	1	1.85272
PMM2	0.216	1	1.85272
SLC25A3	0.216	1	1.85272
GOLPH3	0.215	1	1.84418
RRP1B	0.214	1	1.83564
SFXN4	0.214	1	1.83564
HAGH	0.214	1	1.83564
DHX35	0.214	1	1.83564
RPS26	0.213	1	1.8271
CSTB	0.213	1	1.8271
TMEM97	0.212	1	1.81856
MTA2	0.211	1	1.81003
REXO4	0.211	1	1.81003
LEMD3	0.211	1	1.81003
ATPAF1	0.21	1	1.80149
SLC25A40	0.21	1	1.80149
NEFM	0.207	1	1.77587
NDUFA7	0.206	1	1.76734
HNRNPAB	0.204	1	1.75026
KIF21B	0.204	1	1.75026
ERH	0.204	1	1.75026
PRKAR2A	0.204	1	1.75026
RPL36	0.203	1	1.74172
YWHAB	0.202	1	1.73319
SLC37A4	0.2	1	1.71611
CDC16	0.2	1	1.71611
GTPBP4	0.199	1	1.70757
SBDS	0.199	1	1.70757
ABHD14B	0.199	1	1.70757
TMEM70	0.197	1	1.6905
MAD2L1BP	0.197	1	1.6905
ENOPH1	0.197	1	1.6905
IRF3	0.197	1	1.6905
SMARCAD1	0.196	1	1.68196
TOMM40L	0.196	1	1.68196
NUPL1	0.196	1	1.68196
NDUFS7	0.195	1	1.67342
ATR	0.195	1	1.67342
TAF4	0.195	1	1.67342
DOCK9	0.194	1	1.66488
PRMT5	0.194	1	1.66488
C2ORF47	0.193	1	1.65634
C1ORF124	0.192	1	1.64781
COQ6	0.192	1	1.64781
PCNP	0.192	1	1.64781
SCD	0.191	1	1.63927
KIAA0391	0.188	1	1.61366
GPR107	0.188	1	1.61366
TMEM33	0.187	1	1.60512
RIC8A	0.187	1	1.60512
ZKSCAN1	0.186	1	1.59658
SFPQ	0.185	1	1.58804
ATAD5	0.184	1	1.5795
PHF6	0.184	1	1.5795
MTA1	0.183	1	1.57097
GXYLT1	0.183	1	1.57097
PTDSS2	0.183	1	1.57097
KDM2A	0.182	1	1.56243
PIP5K1A	0.182	1	1.56243
HP1BP3	0.181	1	1.55389
DSP	0.18	1	1.54535
GPS1	0.179	1	1.53681
THADA	0.179	1	1.53681
MAP2K7	0.179	1	1.53681
DEF	0.178	1	1.52828
ELAVL1	0.178	1	1.52828
PPP6C	0.178	1	1.52828
DDX51	0.177	1	1.51974
PEX3	0.177	1	1.51974
ELOVL4	0.177	1	1.51974
UTP6	0.177	1	1.51974
CNN2	0.176	1	1.5112
YWHAQ	0.175	1	1.50266
PDCD4	0.175	1	1.50266
INA	0.174	1	1.49413
ALG6	0.174	1	1.49413
RAD21	0.174	1	1.49413
PAICS	0.173	1	1.48559
POLR1A	0.173	1	1.48559
C14ORF102	0.173	1	1.48559
PTPN14	0.173	1	1.48559
ZC3H11A	0.172	1	1.47705
DDX20	0.172	1	1.47705
SPATA5L1	0.172	1	1.47705
MIB2	0.171	1	1.46851
ZBTB10	0.171	1	1.46851
MRPS25	0.17	1	1.45997
SEC16A	0.17	1	1.45997
EDC4	0.17	1	1.45997
MAP1S	0.17	1	1.45997
SMG6	0.17	1	1.45997
SMC5	0.17	1	1.45997
CLGN	0.17	1	1.45997
TOP2B	0.169	1	1.45144
RAB22A	0.169	1	1.45144
GLRX3	0.169	1	1.45144
INTS5	0.169	1	1.45144
MRPL27	0.168	1	1.4429
ICMT	0.168	1	1.4429
AKAP8	0.167	1	1.43436
C10ORF119	0.167	1	1.43436
RPL34	0.167	1	1.43436
RER1	0.166	1	1.42582
CLCN3	0.166	1	1.42582
BAT1	0.166	1	1.42582
BCKDHB	0.166	1	1.42582
CLN6	0.166	1	1.42582
RPL22L1	0.165	1	1.41728
CARS2	0.165	1	1.41728
VRK2	0.165	1	1.41728
JAGN1	0.165	1	1.41728
ERO1LB	0.164	1	1.40875
METAP2	0.164	1	1.40875
NOC2L	0.163	1	1.40021
PGM3	0.163	1	1.40021
DAZAP1	0.163	1	1.40021
HNRNPA3	0.162	1	1.39167
PPP1CA	0.161	1	1.38313
NUMA1	0.16	1	1.3746
ZNF480	0.16	1	1.3746
CHMP2B	0.16	1	1.3746
MYO6	0.16	1	1.3746
RUVBL2	0.16	1	1.3746
RPL13	0.16	1	1.3746
FANCG	0.16	1	1.3746
CPSF6	0.159	1	1.36606
TAF1	0.159	1	1.36606
DHRS1	0.158	1	1.35752
SLC25A46	0.158	1	1.35752
ATP5F1	0.158	1	1.35752
EIF2S2	0.158	1	1.35752
UTP15	0.158	1	1.35752
NGDN	0.157	1	1.34898
NME7	0.157	1	1.34898
SDHA	0.157	1	1.34898
AGPAT2	0.157	1	1.34898
UBE2E1	0.157	1	1.34898
RAB21	0.157	1	1.34898
GPATCH8	0.156	1	1.34044
PDF	0.156	1	1.34044
RACGAP1	0.155	1	1.33191
MYO1B	0.155	1	1.33191
GPX1	0.155	1	1.33191
HLA-B	0.154	1	1.32337
NIPBL	0.154	1	1.32337
ECHS1	0.154	1	1.32337
C19ORF68	0.154	1	1.32337
PRPF6	0.153	1	1.31483
MYL12B	0.153	1	1.31483
TMEM56	0.153	1	1.31483
HNRNPC	0.151	1	1.29775
RPS14	0.151	1	1.29775
YWHAZ	0.149	1	1.28068
C10ORF76	0.149	1	1.28068
NCAPD3	0.149	1	1.28068
SENP3	0.149	1	1.28068
TAOK2	0.149	1	1.28068
AUP1	0.148	1	1.27214
FUS	0.148	1	1.27214
ATL3	0.148	1	1.27214
SERAC1	0.148	1	1.27214
ILF2	0.148	1	1.27214
RPL7L1	0.148	1	1.27214
RMI2	0.147	1	1.2636
SRRT	0.146	1	1.25507
PLEC1	0.146	1	1.25507
SMC6	0.146	1	1.25507
PHC2	0.146	1	1.25507
NDUFC2	0.145	1	1.24653
INTS2	0.145	1	1.24653
PPP5C	0.145	1	1.24653
RPS18	0.145	1	1.24653
NCBP1	0.145	1	1.24653
SRR	0.145	1	1.24653
HNRNPH3	0.144	1	1.23799
TPT1	0.144	1	1.23799
EYA1	0.144	1	1.23799
ZNF414	0.144	1	1.23799
NF1	0.144	1	1.23799
WLS	0.143	1	1.22945
SLC25A10	0.143	1	1.22945
ASNSD1	0.142	1	1.22091
SLC12A6	0.142	1	1.22091
U2AF1	0.142	1	1.22091
EXOC4	0.142	1	1.22091
NUP210	0.142	1	1.22091
SF3B2	0.142	1	1.22091
LMF2	0.141	1	1.21238
MAP2K4	0.141	1	1.21238
TARDBP	0.14	1	1.20384
MEX3A	0.139	1	1.1953
ZWILCH	0.139	1	1.1953
HERC5	0.139	1	1.1953
LPCAT3	0.139	1	1.1953
EI24	0.138	1	1.18676
ILKAP	0.138	1	1.18676
RPL7A	0.137	1	1.17822
DPY19L1	0.137	1	1.17822
VRK1	0.137	1	1.17822
ZMYM4	0.137	1	1.17822
PCID2	0.137	1	1.17822
UTP3	0.136	1	1.16969
SPC24	0.136	1	1.16969
RPL10A	0.136	1	1.16969
CAPZA1	0.136	1	1.16969
ABCA3	0.136	1	1.16969
NUBPL	0.134	1	1.15261
TIAL1	0.134	1	1.15261
FLYWCH1	0.134	1	1.15261
ARMC10	0.133	1	1.14407
UQCC	0.133	1	1.14407
LIN54	0.132	1	1.13554
OLA1	0.131	1	1.127
TOMM40	0.131	1	1.127
HSPB1	0.131	1	1.127
TRIP12	0.13	1	1.11846
CEPT1	0.13	1	1.11846
RRM2B	0.13	1	1.11846
SERPINB6	0.13	1	1.11846
VPS25	0.13	1	1.11846
LUC7L2	0.129	1	1.10992
RPS4X	0.129	1	1.10992
COX15	0.129	1	1.10992
GSK3A	0.129	1	1.10992
STXBP1	0.129	1	1.10992
RPL23	0.129	1	1.10992
LMNA	0.127	1	1.09285
HIST1H3A	0.126	1	1.08431
KRT18	0.126	1	1.08431
TRRAP	0.126	1	1.08431
PHF3	0.126	1	1.08431
FOXP4	0.125	1	1.07577
STK39	0.125	1	1.07577
ZNF512	0.125	1	1.07577
PSMC4	0.125	1	1.07577
TIGAR	0.125	1	1.07577
TFIP11	0.125	1	1.07577
SETD1A	0.124	1	1.06723
TMEM209	0.124	1	1.06723
CDC23	0.124	1	1.06723
MT-ND4	0.123	1	1.05869
RBM4	0.123	1	1.05869
RBM4B	0.123	1	1.05869
ATIC	0.123	1	1.05869
HSD17B10	0.123	1	1.05869
EIF4E	0.122	1	1.05016
GNB1L	0.122	1	1.05016
HNRNPA1	0.121	1	1.04162
UTP11L	0.121	1	1.04162
TOR1AIP2	0.121	1	1.04162
ARPC3	0.121	1	1.04162
HAX1	0.121	1	1.04162
ZNF192	0.12	1	1.03308
MRPL11	0.12	1	1.03308
SLC25A20	0.12	1	1.03308
PSMF1	0.12	1	1.03308
CTSB	0.12	1	1.03308
TYW3	0.12	1	1.03308
XPO4	0.119	1	1.02454
PSMD4	0.118	1	1.01601
TMEM126A	0.118	1	1.01601
ZYG11B	0.118	1	1.01601
ATP2B4	0.117	1	1.00747
ADRM1	0.117	1	1.00747
DLD	0.117	1	1.00747
MBLAC2	0.116	1	0.998929
IMP4	0.116	1	0.998929
NUSAP1	0.116	1	0.998929
PAN3	0.116	1	0.998929
GRB2	0.115	1	0.990391
TAF5	0.115	1	0.990391
CIZ1	0.115	1	0.990391
TIMM23	0.115	1	0.990391
SLC25A25	0.115	1	0.990391
AGPAT5	0.115	1	0.990391
GRHPR	0.114	1	0.981854
SPATA5	0.114	1	0.981854
INTS1	0.114	1	0.981854
HIST1H2AB	0.113	1	0.973316
HIST2H2AC	0.113	1	0.973316
UHRF1	0.113	1	0.973316
RBM45	0.113	1	0.973316
ATP6V0A2	0.113	1	0.973316
RPL22	0.113	1	0.973316
EEFSEC	0.113	1	0.973316
COG3	0.113	1	0.973316
MRPL47	0.112	1	0.964778
MARK1	0.112	1	0.964778
L3MBTL3	0.112	1	0.964778
ZCCHC17	0.112	1	0.964778
CHUK	0.112	1	0.964778
KIAA0406	0.111	1	0.95624
SH3BP4	0.111	1	0.95624
ABCC1	0.111	1	0.95624
DCXR	0.111	1	0.95624
NUP98	0.111	1	0.95624
TOPBP1	0.111	1	0.95624
TAF6	0.111	1	0.95624
NR2F6	0.111	1	0.95624
SMG8	0.11	1	0.947702
RHOG	0.11	1	0.947702
ATP2B1	0.11	1	0.947702
SFRS6	0.11	1	0.947702
NOMO1	0.109	1	0.939164
ARID1A	0.109	1	0.939164
WDR82	0.109	1	0.939164
ELP3	0.109	1	0.939164
ADAR	0.108	1	0.930626
TNPO1	0.108	1	0.930626
WDTC1	0.107	1	0.922089
TRNAU1AP	0.107	1	0.922089
RPS10	0.107	1	0.922089
PSME4	0.107	1	0.922089
ACOT9	0.106	1	0.913551
PES1	0.106	1	0.913551
NOSIP	0.106	1	0.913551
SLC25A17	0.106	1	0.913551
SMCR7L	0.105	1	0.905013
RRP7A	0.105	1	0.905013
CHTF18	0.105	1	0.905013
TACO1	0.105	1	0.905013
PAPOLG	0.105	1	0.905013
NEK6	0.105	1	0.905013
DHTKD1	0.104	1	0.896475
NARS2	0.104	1	0.896475
EXOC8	0.104	1	0.896475
NUP205	0.104	1	0.896475
AARSD1	0.104	1	0.896475
ADI1	0.104	1	0.896475
SLC25A35	0.104	1	0.896475
RSAD1	0.103	1	0.887937
ZNF703	0.103	1	0.887937
RFC1	0.103	1	0.887937
U2AF2	0.103	1	0.887937
SLC25A24	0.103	1	0.887937
EFTUD1	0.103	1	0.887937
KHDRBS1	0.102	1	0.879399
SLC25A1	0.102	1	0.879399
EIF3C	0.102	1	0.879399
RPL24	0.102	1	0.879399
C10ORF58	0.102	1	0.879399
TOR1AIP1	0.101	1	0.870861
PCBP1	0.101	1	0.870861
FARP2	0.1	1	0.862324
SLC25A21	0.1	1	0.862324
KHSRP	0.1	1	0.862324
ASMTL	0.1	1	0.862324
FLNB	0.1	1	0.862324
STX5	0.1	1	0.862324
ZFR	0.099	1	0.853786
OXA1L	0.099	1	0.853786
STAG2	0.099	1	0.853786
USP14	0.099	1	0.853786
ZNF8	0.099	1	0.853786
HSD17B11	0.099	1	0.853786
C1ORF57	0.099	1	0.853786
RPL14	0.098	1	0.845248
MKI67	0.098	1	0.845248
CTSA	0.098	1	0.845248
PTPN1	0.098	1	0.845248
COQ5	0.098	1	0.845248
STOML1	0.098	1	0.845248
KDM4B	0.098	1	0.845248
TPP1	0.097	1	0.83671
MAGT1	0.097	1	0.83671
VDAC2	0.097	1	0.83671
MEMO1	0.097	1	0.83671
TSN	0.097	1	0.83671
GLUD2	0.097	1	0.83671
DOPEY2	0.097	1	0.83671
SNRPE	0.097	1	0.83671
TOP2A	0.096	1	0.828172
CARS	0.096	1	0.828172
RPS11	0.096	1	0.828172
SLC25A22	0.096	1	0.828172
NR2F1	0.096	1	0.828172
MRPL10	0.096	1	0.828172
CDC42	0.095	1	0.819634
MAP4K4	0.095	1	0.819634
AP2S1	0.095	1	0.819634
RBM15	0.095	1	0.819634
YIF1A	0.095	1	0.819634
DTL	0.095	1	0.819634
PARP2	0.095	1	0.819634
FPGT	0.095	1	0.819634
ADCK1	0.094	1	0.811096
VDAC1	0.094	1	0.811096
SRPRB	0.094	1	0.811096
KPNA4	0.094	1	0.811096
PCGF5	0.094	1	0.811096
SLC16A1	0.093	1	0.802559
GTPBP2	0.093	1	0.802559
MYBBP1A	0.093	1	0.802559
DBN1	0.093	1	0.802559
SLC35F2	0.093	1	0.802559
GSG2	0.092	1	0.794021
SATB2	0.092	1	0.794021
PPFIA1	0.092	1	0.794021
THOC3	0.092	1	0.794021
ZNF277	0.092	1	0.794021
PTOV1	0.092	1	0.794021
ANXA6	0.09	1	0.776945
NSUN4	0.09	1	0.776945
PIPSL	0.09	1	0.776945
NEK7	0.09	1	0.776945
GNPAT	0.089	1	0.768407
RDH13	0.089	1	0.768407
TTC27	0.088	1	0.759869
LDHB	0.088	1	0.759869
SEC23B	0.088	1	0.759869
PPIL2	0.088	1	0.759869
ELOVL1	0.088	1	0.759869
DHX37	0.088	1	0.759869
PRPF31	0.088	1	0.759869
TRIP13	0.088	1	0.759869
PRDX5	0.088	1	0.759869
EED	0.088	1	0.759869
CAND1	0.088	1	0.759869
EIF3I	0.087	1	0.751331
HEATR3	0.087	1	0.751331
IDH2	0.087	1	0.751331
GLO1	0.087	1	0.751331
RANBP2	0.086	1	0.742794
RAE1	0.086	1	0.742794
GEMIN4	0.086	1	0.742794
OSTC	0.086	1	0.742794
PSMD12	0.086	1	0.742794
POLDIP3	0.086	1	0.742794
ACTR5	0.086	1	0.742794
TNPO2	0.086	1	0.742794
CEP192	0.085	1	0.734256
SUCLG2	0.085	1	0.734256
MORC2	0.085	1	0.734256
HTT	0.085	1	0.734256
HLA-A	0.085	1	0.734256
LASS1	0.085	1	0.734256
PTP4A1	0.085	1	0.734256
GTPBP10	0.084	1	0.725718
PAPSS1	0.084	1	0.725718
MAP2K2	0.084	1	0.725718
NOC3L	0.083	1	0.71718
CTPS2	0.083	1	0.71718
IFT122	0.083	1	0.71718
ZNF146	0.082	1	0.708642
RAB12	0.082	1	0.708642
ARL6IP6	0.082	1	0.708642
SRP9	0.082	1	0.708642
GRWD1	0.082	1	0.708642
SEC23A	0.082	1	0.708642
HCFC1	0.082	1	0.708642
BCL2L13	0.082	1	0.708642
RPS6	0.081	1	0.700104
GLDC	0.081	1	0.700104
EFHD1	0.081	1	0.700104
ORC2L	0.081	1	0.700104
SETX	0.081	1	0.700104
POLE	0.081	1	0.700104
IMP3	0.08	1	0.691566
PELO	0.08	1	0.691566
LMNB1	0.08	1	0.691566
RPS3A	0.08	1	0.691566
KIF23	0.079	1	0.683029
NDUFA13	0.079	1	0.683029
GNL3	0.079	1	0.683029
RXRA	0.079	1	0.683029
ZNF620	0.078	1	0.674491
MED23	0.078	1	0.674491
IKBKB	0.078	1	0.674491
RPL13A	0.078	1	0.674491
ARL8B	0.078	1	0.674491
GCLC	0.078	1	0.674491
PKN3	0.078	1	0.674491
XAB2	0.077	1	0.665953
PCBP2	0.077	1	0.665953
RNF25	0.077	1	0.665953
PYCR2	0.076	1	0.657415
B3GALTL	0.076	1	0.657415
TAF9	0.076	1	0.657415
TBCD	0.076	1	0.657415
SMARCA1	0.076	1	0.657415
GMPPA	0.076	1	0.657415
PM20D2	0.075	1	0.648877
WRNIP1	0.075	1	0.648877
PATZ1	0.075	1	0.648877
MT-ND2	0.075	1	0.648877
ACTB	0.074	1	0.640339
LPCAT1	0.074	1	0.640339
TNPO3	0.074	1	0.640339
LYPLA1	0.074	1	0.640339
APOOL	0.074	1	0.640339
HNRNPD	0.074	1	0.640339
RFC2	0.074	1	0.640339
NOL8	0.074	1	0.640339
LIG1	0.074	1	0.640339
IQSEC1	0.074	1	0.640339
SPATA2	0.073	1	0.631801
HNRNPU	0.073	1	0.631801
HMGCL	0.073	1	0.631801
GAPVD1	0.073	1	0.631801
RPL15	0.073	1	0.631801
ZC3HC1	0.073	1	0.631801
TRIM33	0.073	1	0.631801
GTF3C5	0.073	1	0.631801
PRMT10	0.073	1	0.631801
NR2F2	0.073	1	0.631801
FLNC	0.073	1	0.631801
MPP2	0.072	1	0.623264
PCCB	0.072	1	0.623264
DVL1	0.072	1	0.623264
SEC31A	0.072	1	0.623264
CPEB4	0.072	1	0.623264
PRKDC	0.072	1	0.623264
NUP160	0.072	1	0.623264
NKRF	0.071	1	0.614726
PPP1CB	0.071	1	0.614726
MSH6	0.071	1	0.614726
ZC3HAV1	0.071	1	0.614726
TPP2	0.071	1	0.614726
SMARCB1	0.071	1	0.614726
ACADM	0.07	1	0.606188
CRTC2	0.07	1	0.606188
POGZ	0.07	1	0.606188
APTX	0.07	1	0.606188
SLC7A5	0.069	1	0.59765
RPL4	0.069	1	0.59765
SNX33	0.069	1	0.59765
SMARCA5	0.069	1	0.59765
HUWE1	0.069	1	0.59765
KDM4A	0.069	1	0.59765
TPX2	0.069	1	0.59765
ROD1	0.068	1	0.589112
KDM1A	0.068	1	0.589112
KDM3B	0.068	1	0.589112
GTF3C1	0.068	1	0.589112
GTF3C2	0.068	1	0.589112
RPL7	0.068	1	0.589112
GSPT1	0.068	1	0.589112
WDR6	0.067	1	0.580574
XRCC3	0.067	1	0.580574
PNO1	0.067	1	0.580574
MED20	0.067	1	0.580574
CSE1L	0.067	1	0.580574
EEF1E1	0.067	1	0.580574
TBC1D22B	0.066	1	0.572036
DSTN	0.066	1	0.572036
SRP14	0.066	1	0.572036
PPA2	0.066	1	0.572036
PKN1	0.066	1	0.572036
XPO1	0.066	1	0.572036
CEP55	0.065	1	0.563499
WHSC2	0.065	1	0.563499
STARD9	0.065	1	0.563499
MTCH1	0.065	1	0.563499
TK1	0.065	1	0.563499
RETSAT	0.065	1	0.563499
EDRF1	0.065	1	0.563499
CTSC	0.064	1	0.554961
MTHFD1L	0.064	1	0.554961
NPM1	0.064	1	0.554961
DDX10	0.064	1	0.554961
SFRS17A	0.064	1	0.554961
TBRG4	0.064	1	0.554961
COPS2	0.064	1	0.554961
IFT80	0.064	1	0.554961
DOCK11	0.064	1	0.554961
DNAJB1	0.063	1	0.546423
GNAI2	0.063	1	0.546423
CNP	0.063	1	0.546423
SLC25A23	0.063	1	0.546423
ALG5	0.063	1	0.546423
GTF3C4	0.063	1	0.546423
CBX4	0.062	1	0.537885
SMC1A	0.062	1	0.537885
PTPN9	0.062	1	0.537885
HSD17B12	0.062	1	0.537885
ERI3	0.062	1	0.537885
TMPO	0.061	1	0.529347
RUSC1	0.061	1	0.529347
PDS5B	0.061	1	0.529347
TAF9B	0.061	1	0.529347
FLOT1	0.061	1	0.529347
C15ORF24	0.061	1	0.529347
PRUNE	0.061	1	0.529347
SFXN2	0.061	1	0.529347
LARP1	0.06	1	0.520809
RGPD3	0.06	1	0.520809
COX4NB	0.06	1	0.520809
CBX8	0.06	1	0.520809
ARL1	0.06	1	0.520809
PPP3CA	0.06	1	0.520809
NUP188	0.06	1	0.520809
UPF2	0.06	1	0.520809
MDC1	0.06	1	0.520809
SESN2	0.06	1	0.520809
SLC33A1	0.06	1	0.520809
PEF1	0.06	1	0.520809
PHKB	0.06	1	0.520809
HELLS	0.059	1	0.512271
ERCC3	0.059	1	0.512271
IPO8	0.059	1	0.512271
FKBP5	0.059	1	0.512271
MKRN2	0.059	1	0.512271
GNB1	0.058	1	0.503734
CPVL	0.058	1	0.503734
TUFM	0.058	1	0.503734
OSBPL8	0.058	1	0.503734
ATP5L	0.058	1	0.503734
ZMYND8	0.058	1	0.503734
RPL18	0.058	1	0.503734
C2ORF56	0.058	1	0.503734
SLC30A9	0.057	1	0.495196
SLC25A5	0.057	1	0.495196
TMEM38B	0.057	1	0.495196
ETF1	0.057	1	0.495196
HDDC2	0.056	1	0.486658
C17ORF62	0.056	1	0.486658
SLC30A6	0.056	1	0.486658
HIC2	0.056	1	0.486658
SMYD3	0.056	1	0.486658
FANCI	0.056	1	0.486658
SASS6	0.056	1	0.486658
TTC39A	0.056	1	0.486658
KIF3A	0.055	1	0.47812
RANBP1	0.055	1	0.47812
MFSD10	0.055	1	0.47812
ATP1A1	0.055	1	0.47812
TTC13	0.055	1	0.47812
ACAD11	0.055	1	0.47812
DDX19B	0.055	1	0.47812
MACROD1	0.055	1	0.47812
CCDC109A	0.055	1	0.47812
RICTOR	0.055	1	0.47812
FAM120B	0.054	1	0.469582
SPTLC1	0.054	1	0.469582
TMEM11	0.054	1	0.469582
RAB9A	0.054	1	0.469582
STK11IP	0.054	1	0.469582
NDUFA6	0.054	1	0.469582
PKP4	0.054	1	0.469582
NKAP	0.053	1	0.461044
DDX3X	0.053	1	0.461044
TCERG1	0.053	1	0.461044
SPEN	0.053	1	0.461044
SLC25A4	0.053	1	0.461044
TTF2	0.053	1	0.461044
MID1	0.053	1	0.461044
GTF2H4	0.053	1	0.461044
SAPS3	0.053	1	0.461044
TRIM25	0.053	1	0.461044
EFHD2	0.053	1	0.461044
RPL38	0.053	1	0.461044
COTL1	0.053	1	0.461044
BAAT1	0.053	1	0.461044
ASS1	0.053	1	0.461044
TARS2	0.052	1	0.452506
IRS4	0.052	1	0.452506
TBL2	0.052	1	0.452506
RPL23A	0.052	1	0.452506
POLRMT	0.052	1	0.452506
ARAF	0.052	1	0.452506
ECM29	0.052	1	0.452506
SLC30A7	0.051	1	0.443969
SEC24C	0.051	1	0.443969
LYN	0.051	1	0.443969
PHLDA3	0.051	1	0.443969
KIF1C	0.051	1	0.443969
MRPS21	0.051	1	0.443969
ITPR3	0.051	1	0.443969
ANKFY1	0.051	1	0.443969
DDX17	0.05	1	0.435431
RDH11	0.05	1	0.435431
DAD1	0.05	1	0.435431
SFRS14	0.05	1	0.435431
RRP12	0.049	1	0.426893
MRTO4	0.049	1	0.426893
FXR1	0.049	1	0.426893
RBM39	0.049	1	0.426893
ATP2A2	0.049	1	0.426893
PLCG1	0.049	1	0.426893
ALDH9A1	0.049	1	0.426893
SUMF2	0.049	1	0.426893
SRP68	0.049	1	0.426893
USP9X	0.049	1	0.426893
TM7SF2	0.049	1	0.426893
XPOT	0.049	1	0.426893
PDLIM7	0.049	1	0.426893
NAE1	0.049	1	0.426893
CPSF7	0.048	1	0.418355
MSH2	0.048	1	0.418355
MRPL9	0.048	1	0.418355
SNRPF	0.048	1	0.418355
EEF1G	0.047	1	0.409817
ATP6V1H	0.047	1	0.409817
CAMK2D	0.047	1	0.409817
ARL8A	0.047	1	0.409817
ACAD10	0.047	1	0.409817
ORC4L	0.047	1	0.409817
PRR12	0.046	1	0.401279
ECHDC1	0.046	1	0.401279
RPS2	0.046	1	0.401279
DNA2	0.046	1	0.401279
SRBD1	0.046	1	0.401279
VIPAR	0.046	1	0.401279
ZNF385A	0.046	1	0.401279
TMUB1	0.045	1	0.392741
RPS12	0.045	1	0.392741
SF3B1	0.045	1	0.392741
PARS2	0.045	1	0.392741
DECR2	0.045	1	0.392741
FUBP3	0.045	1	0.392741
GSK3B	0.045	1	0.392741
YWHAH	0.045	1	0.392741
DTYMK	0.045	1	0.392741
STXBP3	0.045	1	0.392741
NUDT21	0.045	1	0.392741
GLUD1	0.045	1	0.392741
NOL11	0.045	1	0.392741
ZC3H14	0.044	1	0.384204
INTS8	0.044	1	0.384204
MRPL44	0.044	1	0.384204
AQR	0.044	1	0.384204
COPB1	0.044	1	0.384204
COPS5	0.044	1	0.384204
VCP	0.043	1	0.375666
DIAPH3	0.043	1	0.375666
STOML2	0.043	1	0.375666
DOLPP1	0.043	1	0.375666
WDR7	0.042	1	0.367128
CWC22	0.042	1	0.367128
URB1	0.042	1	0.367128
SCAMP1	0.042	1	0.367128
MT-CO1	0.042	1	0.367128
CTNND1	0.042	1	0.367128
ELMO2	0.042	1	0.367128
OSGEP	0.042	1	0.367128
C3ORF17	0.042	1	0.367128
EIF4G2	0.042	1	0.367128
CPT1A	0.042	1	0.367128
ACOT8	0.042	1	0.367128
C3ORF26	0.042	1	0.367128
PIGN	0.042	1	0.367128
NSUN5	0.042	1	0.367128
SARM1	0.042	1	0.367128
POLR3E	0.041	1	0.35859
NUP155	0.041	1	0.35859
JAK1	0.041	1	0.35859
SLC25A6	0.041	1	0.35859
RAP2A	0.041	1	0.35859
IPO4	0.041	1	0.35859
COPZ1	0.041	1	0.35859
FEN1	0.041	1	0.35859
PUM1	0.04	1	0.350052
PRIM1	0.04	1	0.350052
SBNO1	0.04	1	0.350052
LIMK2	0.04	1	0.350052
CSTF3	0.04	1	0.350052
ZNF24	0.039	1	0.341514
POLR2C	0.039	1	0.341514
NUP93	0.039	1	0.341514
RBM26	0.039	1	0.341514
RAD50	0.039	1	0.341514
DNAJA1	0.039	1	0.341514
NBN	0.039	1	0.341514
RPLP0	0.039	1	0.341514
HEATR5B	0.039	1	0.341514
DHX40	0.039	1	0.341514
ECT2	0.038	1	0.332976
WRB	0.038	1	0.332976
SDAD1	0.038	1	0.332976
RPS13	0.038	1	0.332976
USO1	0.038	1	0.332976
NCBP2	0.038	1	0.332976
SFXN1	0.038	1	0.332976
GPKOW	0.038	1	0.332976
COPG	0.038	1	0.332976
CLK3	0.038	1	0.332976
VPS36	0.038	1	0.332976
TOP3A	0.037	1	0.324439
HNRNPA2B1	0.037	1	0.324439
ALDH6A1	0.037	1	0.324439
IARS	0.037	1	0.324439
XPO7	0.037	1	0.324439
ADCK4	0.037	1	0.324439
MFN2	0.036	1	0.315901
CHD2	0.036	1	0.315901
HDAC2	0.036	1	0.315901
CHD8	0.036	1	0.315901
ZNF687	0.036	1	0.315901
RMND1	0.036	1	0.315901
PDPR	0.036	1	0.315901
CDK11B	0.036	1	0.315901
PDIA6	0.036	1	0.315901
LIG3	0.036	1	0.315901
VPRBP	0.036	1	0.315901
PDP1	0.036	1	0.315901
PGM2	0.035	1	0.307363
MED18	0.035	1	0.307363
RPS16	0.035	1	0.307363
VPS13A	0.035	1	0.307363
ARF4	0.035	1	0.307363
INTS6	0.035	1	0.307363
CELF1	0.034	1	0.298825
APOBEC3C	0.034	1	0.298825
TTC28	0.034	1	0.298825
PDHX	0.034	1	0.298825
LONP1	0.034	1	0.298825
SRP54	0.034	1	0.298825
CUL5	0.034	1	0.298825
RNF213	0.034	1	0.298825
ESYT1	0.033	1	0.290287
RPUSD3	0.033	1	0.290287
IMMT	0.033	1	0.290287
PSMC1	0.033	1	0.290287
HNRNPA0	0.033	1	0.290287
UQCRQ	0.033	1	0.290287
ANK3	0.033	1	0.290287
RAB35	0.032	1	0.281749
RBBP6	0.032	1	0.281749
ATAD3B	0.032	1	0.281749
SIN3A	0.032	1	0.281749
FOXK1	0.032	1	0.281749
CAPZB	0.032	1	0.281749
RPP14	0.032	1	0.281749
NDRG1	0.032	1	0.281749
PSMC2	0.032	1	0.281749
CANX	0.032	1	0.281749
FDFT1	0.032	1	0.281749
PGRMC1	0.031	1	0.273211
MATR3	0.031	1	0.273211
SMARCA4	0.031	1	0.273211
RRAGC	0.031	1	0.273211
ARHGAP17	0.031	1	0.273211
KIF11	0.031	1	0.273211
SLC35B2	0.031	1	0.273211
PHF8	0.031	1	0.273211
ARHGEF2	0.031	1	0.273211
YARS	0.031	1	0.273211
C16ORF58	0.031	1	0.273211
SSR1	0.03	1	0.264674
DDX41	0.03	1	0.264674
MRPL3	0.03	1	0.264674
COMT	0.03	1	0.264674
LRRC47	0.03	1	0.264674
FIGNL1	0.03	1	0.264674
ABHD13	0.03	1	0.264674
DOCK1	0.03	1	0.264674
FOXP1	0.03	1	0.264674
FHL1	0.03	1	0.264674
DDX5	0.029	1	0.256136
WRN	0.029	1	0.256136
DHX30	0.029	1	0.256136
RFX1	0.029	1	0.256136
VDAC3	0.029	1	0.256136
NRM	0.029	1	0.256136
NUP214	0.029	1	0.256136
PIK3R4	0.029	1	0.256136
RPRD2	0.029	1	0.256136
DCP1A	0.029	1	0.256136
ORC5L	0.029	1	0.256136
PRKRA	0.029	1	0.256136
PRDX1	0.028	1	0.247598
CAPN1	0.028	1	0.247598
MRPL24	0.028	1	0.247598
CSTF1	0.028	1	0.247598
SPG7	0.028	1	0.247598
DDX19A	0.028	1	0.247598
PSMA4	0.028	1	0.247598
KDELR1	0.027	1	0.23906
PFN1	0.027	1	0.23906
URB2	0.027	1	0.23906
NDUFS3	0.027	1	0.23906
PSMD3	0.027	1	0.23906
MORC3	0.027	1	0.23906
LRRC14	0.027	1	0.23906
ZNF512B	0.027	1	0.23906
EIF4A3	0.026	1	0.230522
DOCK7	0.026	1	0.230522
PRPSAP2	0.026	1	0.230522
KIF13B	0.026	1	0.230522
EPB41	0.026	1	0.230522
PSMD13	0.026	1	0.230522
UBA3	0.026	1	0.230522
KIF16B	0.026	1	0.230522
TMEM85	0.025	1	0.221984
TM9SF3	0.025	1	0.221984
MRPS15	0.025	1	0.221984
TMEM14C	0.025	1	0.221984
BLM	0.025	1	0.221984
CRNKL1	0.025	1	0.221984
PRDX4	0.025	1	0.221984
VPS54	0.025	1	0.221984
PNKP	0.025	1	0.221984
CLINT1	0.025	1	0.221984
PIK3C2A	0.025	1	0.221984
MGST3	0.025	1	0.221984
DNAH5	0.024	1	0.213446
YTHDC2	0.024	1	0.213446
LENG8	0.024	1	0.213446
TRIM28	0.024	1	0.213446
SLC25A11	0.024	1	0.213446
DARS	0.024	1	0.213446
HEATR2	0.024	1	0.213446
CLP1	0.024	1	0.213446
FFR	0.024	1	0.213446
RPS6KB1	0.024	1	0.213446
OXSR1	0.024	1	0.213446
ALDH1L2	0.024	1	0.213446
ARL6IP5	0.023	1	0.204909
HIST1H2BK	0.023	1	0.204909
LGMN	0.023	1	0.204909
SNTB2	0.023	1	0.204909
FLNA	0.023	1	0.204909
ERAL1	0.023	1	0.204909
TEX10	0.023	1	0.204909
SMPD4	0.023	1	0.204909
EIF6	0.023	1	0.204909
ABTB2	0.022	1	0.196371
TAF2	0.022	1	0.196371
DALRD3	0.022	1	0.196371
HSP90B1	0.022	1	0.196371
ATP6V1C1	0.022	1	0.196371
TES	0.022	1	0.196371
QKI	0.022	1	0.196371
RPL21	0.022	1	0.196371
MAPK14	0.022	1	0.196371
VPS45	0.022	1	0.196371
RPS6KA5	0.022	1	0.196371
CSNK1E	0.021	1	0.187833
KIN	0.021	1	0.187833
RAB3GAP1	0.021	1	0.187833
CECR5	0.021	1	0.187833
MYST2	0.021	1	0.187833
SLC7A1	0.02	1	0.179295
SHPK	0.02	1	0.179295
BAZ1B	0.02	1	0.179295
DNAJC7	0.02	1	0.179295
ATP1A2	0.02	1	0.179295
FECH	0.02	1	0.179295
SSR4	0.02	1	0.179295
AFG3L2	0.02	1	0.179295
SNX2	0.02	1	0.179295
TP53BP2	0.02	1	0.179295
MTPAP	0.02	1	0.179295
FAF2	0.02	1	0.179295
OXNAD1	0.02	1	0.179295
PSMA7	0.02	1	0.179295
OAT	0.019	1	0.170757
DDX18	0.019	1	0.170757
PRKCI	0.019	1	0.170757
PUS1	0.019	1	0.170757
NCAPG2	0.019	1	0.170757
GSTK1	0.019	1	0.170757
AARS	0.019	1	0.170757
MCM3AP	0.019	1	0.170757
MON2	0.018	1	0.162219
SCP2	0.018	1	0.162219
HIP1	0.018	1	0.162219
GLS	0.018	1	0.162219
PPT1	0.018	1	0.162219
PMPCB	0.018	1	0.162219
UCHL5	0.018	1	0.162219
MARS	0.018	1	0.162219
TRM1L	0.018	1	0.162219
LARP4B	0.018	1	0.162219
TUBD1	0.018	1	0.162219
RUFY3	0.018	1	0.162219
HERC2	0.017	1	0.153681
HUS1	0.017	1	0.153681
SUCLA2	0.017	1	0.153681
RNF123	0.017	1	0.153681
ERCC1	0.017	1	0.153681
ATAD3A	0.017	1	0.153681
THUMPD2	0.017	1	0.153681
ALDH2	0.017	1	0.153681
MRPS22	0.017	1	0.153681
AP3M2	0.017	1	0.153681
C9ORF64	0.017	1	0.153681
CNNM3	0.017	1	0.153681
PSMC6	0.016	1	0.145144
MFN1	0.016	1	0.145144
AIFM1	0.016	1	0.145144
TMEM177	0.016	1	0.145144
RPLP1	0.016	1	0.145144
DHX29	0.016	1	0.145144
POLD2	0.016	1	0.145144
GGA2	0.016	1	0.145144
NCOR2	0.016	1	0.145144
ATP5C1	0.015	1	0.136606
TRUB2	0.015	1	0.136606
NCAPH	0.015	1	0.136606
FKBP4	0.015	1	0.136606
RRAGA	0.015	1	0.136606
NARS	0.015	1	0.136606
UGGT1	0.015	1	0.136606
NDUFS2	0.015	1	0.136606
MKI67IP	0.015	1	0.136606
SEH1L	0.015	1	0.136606
RHOA	0.014	1	0.128068
DHCR24	0.014	1	0.128068
RPS19	0.014	1	0.128068
KPNA1	0.014	1	0.128068
ITCH	0.014	1	0.128068
DYNC1LI1	0.014	1	0.128068
RNF2	0.014	1	0.128068
NVL	0.014	1	0.128068
CBWD2	0.014	1	0.128068
C2ORF44	0.014	1	0.128068
INADL	0.013	1	0.11953
INPPL1	0.013	1	0.11953
CDC5L	0.013	1	0.11953
DOCK6	0.013	1	0.11953
DYNLT1	0.013	1	0.11953
DCTN1	0.013	1	0.11953
CFL2	0.013	1	0.11953
SMEK1	0.013	1	0.11953
FASTKD5	0.012	1	0.110992
FITM2	0.012	1	0.110992
RPS6KA3	0.012	1	0.110992
EFR3A	0.012	1	0.110992
DIMT1L	0.012	1	0.110992
RPSA	0.012	1	0.110992
ARF6	0.012	1	0.110992
PPP1R8	0.012	1	0.110992
SMG5	0.011	1	0.102454
RAB13	0.011	1	0.102454
PARK7	0.011	1	0.102454
RBM6	0.011	1	0.102454
STUB1	0.011	1	0.102454
NCLN	0.011	1	0.102454
STOM	0.011	1	0.102454
RARS2	0.011	1	0.102454
AP3S1	0.011	1	0.102454
PARN	0.011	1	0.102454
DNAJB6	0.011	1	0.102454
ANKLE2	0.01	1	0.0939164
GNAI3	0.01	1	0.0939164
AIMP1	0.01	1	0.0939164
STRAP	0.01	1	0.0939164
TST	0.01	1	0.0939164
FASTKD2	0.01	1	0.0939164
RCC2	0.009	1	0.0853786
NUDT19	0.009	1	0.0853786
TUBE1	0.009	1	0.0853786
MED24	0.009	1	0.0853786
HAUS5	0.009	1	0.0853786
DEK	0.009	1	0.0853786
TP53RK	0.009	1	0.0853786
PARP1	0.009	1	0.0853786
PRPF40A	0.008	1	0.0768407
CRKL	0.008	1	0.0768407
MEN1	0.008	1	0.0768407
CLPP	0.008	1	0.0768407
ABCC4	0.008	1	0.0768407
FLII	0.008	1	0.0768407
SLC25A19	0.008	1	0.0768407
UNC45A	0.008	1	0.0768407
BZW1	0.008	1	0.0768407
SDHD	0.008	1	0.0768407
MBD4	0.008	1	0.0768407
AK3	0.007	1	0.0683029
ANKRD17	0.007	1	0.0683029
EPB41L3	0.007	1	0.0683029
ATP13A1	0.007	1	0.0683029
C17ORF61	0.007	1	0.0683029
YWHAE	0.007	1	0.0683029
MRPL22	0.007	1	0.0683029
SLC3A2	0.007	1	0.0683029
CCBL2	0.006	1	0.059765
SLC2A1	0.006	1	0.059765
PRKCD	0.006	1	0.059765
NUP85	0.006	1	0.059765
LRWD1	0.006	1	0.059765
LRBA	0.006	1	0.059765
FOXK2	0.006	1	0.059765
KPNB1	0.006	1	0.059765
DDOST	0.006	1	0.059765
GART	0.006	1	0.059765
EIF3M	0.006	1	0.059765
CARM1	0.006	1	0.059765
SCYL2	0.006	1	0.059765
SLC25A15	0.006	1	0.059765
NOM1	0.005	1	0.0512271
TBC1D15	0.005	1	0.0512271
UBLCP1	0.005	1	0.0512271
RHOT1	0.005	1	0.0512271
SNF8	0.005	1	0.0512271
IPO9	0.005	1	0.0512271
CBS	0.005	1	0.0512271
RBM25	0.004	1	0.0426893
SNTA1	0.004	1	0.0426893
TMEM48	0.004	1	0.0426893
DPM1	0.004	1	0.0426893
AURKB	0.004	1	0.0426893
EIF2AK2	0.004	1	0.0426893
SMC2	0.004	1	0.0426893
CPNE1	0.004	1	0.0426893
TOMM22	0.004	1	0.0426893
C4ORF27	0.004	1	0.0426893
KIAA1797	0.004	1	0.0426893
PCK2	0.004	1	0.0426893
RAB1B	0.003	1	0.0341514
EXOC6	0.003	1	0.0341514
ESYT2	0.003	1	0.0341514
DUSP12	0.003	1	0.0341514
NDUFA4	0.003	1	0.0341514
MCM6	0.003	1	0.0341514
RHBDD2	0.003	1	0.0341514
GTPBP1	0.003	1	0.0341514
ZMYM2	0.003	1	0.0341514
PSMC5	0.003	1	0.0341514
FLAD1	0.003	1	0.0341514
ARF5	0.003	1	0.0341514
RTN4	0.002	1	0.0256136
WBSCR16	0.002	1	0.0256136
ABHD11	0.002	1	0.0256136
AP3B1	0.002	1	0.0256136
MDN1	0.002	1	0.0256136
EHHADH	0.002	1	0.0256136
UBE2D3	0.002	1	0.0256136
CAND2	0.002	1	0.0256136
SEC22B	0.002	1	0.0256136
IPO5	0.002	1	0.0256136
WDR34	0.002	1	0.0256136
GNA12	0.001	1	0.0170757
NXF1	0.001	1	0.0170757
ATP6V0D1	0.001	1	0.0170757
DDX46	0.001	1	0.0170757
CUL2	0.001	1	0.0170757
EXOSC10	0.001	1	0.0170757
CSNK1G2	0.001	1	0.0170757
ERCC2	0.001	1	0.0170757
SCFD1	0.001	1	0.0170757
VARS2	0.001	1	0.0170757
TMCO1	0.001	1	0.0170757
MTX3	0.001	1	0.0170757
EIF4G1	0.001	1	0.0170757
ATPAF2	0.001	1	0.0170757
PAPSS2	0	1	0.00853786
PHKA1	0	1	0.00853786
PAPOLA	0	1	0.00853786
CDC37	0	1	0.00853786
MRPL33	0	1	0.00853786
MAN1B1	0	1	0.00853786
UPP1	0	1	0.00853786
KNTC1	0	1	0.00853786
LEPRE1	0	1	0.00853786
PRKACB	0	1	0.00853786
PTPN13	0	1	0.00853786
CUL1	0	1	0.00853786
SNX30	0	1	0.00853786
RRM2	-0.001	1	0
PSMB2	-0.001	1	0
SFRS3	-0.001	1	0
ARCN1	-0.001	1	0
IDH3A	-0.001	1	0
SMC3	-0.001	1	0
RG9MTD1	-0.001	1	0
SAMHD1	-0.001	1	0
DYNC1H1	-0.001	1	0
DDX6	-0.001	1	0
CYFIP2	-0.001	1	0
XPO5	-0.001	1	0
RPS20	-0.002	1	-0.00853786
ABCF3	-0.002	1	-0.00853786
AMOT	-0.002	1	-0.00853786
SACM1L	-0.002	1	-0.00853786
TIMM50	-0.002	1	-0.00853786
USP16	-0.002	1	-0.00853786
NAT10	-0.003	1	-0.0170757
AGPAT3	-0.003	1	-0.0170757
ATP5H	-0.003	1	-0.0170757
BTAF1	-0.003	1	-0.0170757
CENPM	-0.003	1	-0.0170757
SPG20	-0.003	1	-0.0170757
AP2M1	-0.003	1	-0.0170757
TOE1	-0.003	1	-0.0170757
PPP4C	-0.003	1	-0.0170757
UQCRC1	-0.003	1	-0.0170757
ALDH1B1	-0.003	1	-0.0170757
EHD1	-0.003	1	-0.0170757
MPV17	-0.004	1	-0.0256136
HNRNPM	-0.004	1	-0.0256136
RB1	-0.004	1	-0.0256136
ANKHD1	-0.004	1	-0.0256136
PAXIP1	-0.004	1	-0.0256136
CLPTM1L	-0.004	1	-0.0256136
MRPL45	-0.004	1	-0.0256136
CS	-0.004	1	-0.0256136
RPN2	-0.004	1	-0.0256136
NAA15	-0.004	1	-0.0256136
ALG12	-0.004	1	-0.0256136
TBC1D4	-0.004	1	-0.0256136
UBE2D1	-0.004	1	-0.0256136
RAB8B	-0.005	1	-0.0341514
XPNPEP3	-0.005	1	-0.0341514
DNAJB4	-0.005	1	-0.0341514
PCMT1	-0.005	1	-0.0341514
HEATR6	-0.005	1	-0.0341514
GEMIN5	-0.006	1	-0.0426893
RPL11	-0.006	1	-0.0426893
RANGAP1	-0.006	1	-0.0426893
GNL3L	-0.006	1	-0.0426893
HSPA4	-0.006	1	-0.0426893
EYA3	-0.006	1	-0.0426893
ZNF574	-0.006	1	-0.0426893
DNM3	-0.006	1	-0.0426893
GPR89A	-0.006	1	-0.0426893
CPS1	-0.006	1	-0.0426893
FARP1	-0.007	1	-0.0512271
DHX9	-0.007	1	-0.0512271
MARK3	-0.007	1	-0.0512271
AHCYL1	-0.007	1	-0.0512271
ACAD9	-0.007	1	-0.0512271
STT3A	-0.007	1	-0.0512271
LRPPRC	-0.007	1	-0.0512271
RAB2B	-0.007	1	-0.0512271
IGF2BP3	-0.007	1	-0.0512271
CAD	-0.007	1	-0.0512271
PLAA	-0.007	1	-0.0512271
RPS3	-0.007	1	-0.0512271
MPG	-0.007	1	-0.0512271
PRDX6	-0.007	1	-0.0512271
YTHDF2	-0.008	1	-0.059765
BCR	-0.008	1	-0.059765
SURF4	-0.008	1	-0.059765
PIGA	-0.008	1	-0.059765
SKIV2L2	-0.008	1	-0.059765
SAR1B	-0.008	1	-0.059765
MED16	-0.008	1	-0.059765
CAMK2G	-0.008	1	-0.059765
NUTF2	-0.008	1	-0.059765
APEX1	-0.008	1	-0.059765
RAB39	-0.009	1	-0.0683029
RPLP2	-0.009	1	-0.0683029
TXNDC9	-0.009	1	-0.0683029
IQCB1	-0.009	1	-0.0683029
POLG	-0.009	1	-0.0683029
BMS1	-0.009	1	-0.0683029
INTS7	-0.009	1	-0.0683029
OPA1	-0.009	1	-0.0683029
PRKACA	-0.009	1	-0.0683029
TUBA4A	-0.009	1	-0.0683029
MRPL28	-0.009	1	-0.0683029
UBE2I	-0.009	1	-0.0683029
NAB2	-0.009	1	-0.0683029
RPS27A	-0.01	1	-0.0768407
METT11D1	-0.01	1	-0.0768407
CNOT1	-0.01	1	-0.0768407
WDR3	-0.01	1	-0.0768407
RPL30	-0.01	1	-0.0768407
LASS6	-0.01	1	-0.0768407
RPL3	-0.01	1	-0.0768407
ATG7	-0.01	1	-0.0768407
DHX34	-0.01	1	-0.0768407
PLS3	-0.011	1	-0.0853786
HIST1H2BJ	-0.011	1	-0.0853786
MCM5	-0.011	1	-0.0853786
NOP58	-0.011	1	-0.0853786
DNAJC10	-0.011	1	-0.0853786
IQGAP3	-0.011	1	-0.0853786
UBA2	-0.011	1	-0.0853786
RPL6	-0.011	1	-0.0853786
RAB3GAP2	-0.011	1	-0.0853786
TTC5	-0.011	1	-0.0853786
HYOU1	-0.011	1	-0.0853786
CHTF8	-0.011	1	-0.0853786
GCDH	-0.011	1	-0.0853786
SMN1	-0.011	1	-0.0853786
RAB3B	-0.012	1	-0.0939164
AGAP3	-0.012	1	-0.0939164
NONO	-0.012	1	-0.0939164
DHRS7B	-0.012	1	-0.0939164
RBM7	-0.012	1	-0.0939164
MRPL16	-0.012	1	-0.0939164
G3BP1	-0.012	1	-0.0939164
TTC19	-0.012	1	-0.0939164
CPSF3	-0.012	1	-0.0939164
STXBP2	-0.012	1	-0.0939164
API5	-0.012	1	-0.0939164
BDH1	-0.012	1	-0.0939164
RPL17	-0.012	1	-0.0939164
CNOT8	-0.012	1	-0.0939164
PAN2	-0.012	1	-0.0939164
TFDP2	-0.012	1	-0.0939164
MRPL19	-0.013	1	-0.102454
CHD4	-0.013	1	-0.102454
DOCK5	-0.013	1	-0.102454
ATRX	-0.013	1	-0.102454
SNRNP200	-0.013	1	-0.102454
NAP1L1	-0.013	1	-0.102454
ERAP1	-0.013	1	-0.102454
MSTO1	-0.013	1	-0.102454
ERGIC1	-0.013	1	-0.102454
PSMD7	-0.013	1	-0.102454
HIST1H1C	-0.014	1	-0.110992
PUM2	-0.014	1	-0.110992
DERL1	-0.014	1	-0.110992
GINS1	-0.014	1	-0.110992
ASCC3	-0.014	1	-0.110992
HNRNPH2	-0.014	1	-0.110992
CTPS	-0.014	1	-0.110992
WAPAL	-0.014	1	-0.110992
VPS35	-0.014	1	-0.110992
SBF1	-0.014	1	-0.110992
ADPRHL2	-0.014	1	-0.110992
NAA16	-0.014	1	-0.110992
KIF1A	-0.014	1	-0.110992
MMS19	-0.014	1	-0.110992
PRDX3	-0.015	1	-0.11953
AHCTF1	-0.015	1	-0.11953
TFB1M	-0.015	1	-0.11953
STK3	-0.015	1	-0.11953
ACSL3	-0.015	1	-0.11953
NDUFA12	-0.015	1	-0.11953
SKIV2L	-0.015	1	-0.11953
RAD54L2	-0.015	1	-0.11953
HPS6	-0.016	1	-0.128068
UBE2N	-0.016	1	-0.128068
RPS9	-0.016	1	-0.128068
GMPPB	-0.016	1	-0.128068
EIF5B	-0.016	1	-0.128068
EXO1	-0.016	1	-0.128068
ERLIN2	-0.016	1	-0.128068
GARS	-0.016	1	-0.128068
EPHA2	-0.016	1	-0.128068
NHP2L1	-0.017	1	-0.136606
MRPS5	-0.017	1	-0.136606
PAK4	-0.017	1	-0.136606
CSNK2A2	-0.017	1	-0.136606
UQCRC2	-0.017	1	-0.136606
C1ORF103	-0.017	1	-0.136606
BZW2	-0.017	1	-0.136606
SLC35A3	-0.017	1	-0.136606
RAB33B	-0.018	1	-0.145144
NOP16	-0.018	1	-0.145144
GSTCD	-0.018	1	-0.145144
SAE1	-0.018	1	-0.145144
ATP6V0A1	-0.018	1	-0.145144
COX7A2	-0.018	1	-0.145144
TMED10	-0.018	1	-0.145144
NMD3	-0.018	1	-0.145144
MRPL37	-0.018	1	-0.145144
ARPC1B	-0.018	1	-0.145144
DIRAS1	-0.019	1	-0.153681
FDXR	-0.019	1	-0.153681
RAPGEF2	-0.019	1	-0.153681
YARS2	-0.019	1	-0.153681
MYEF2	-0.019	1	-0.153681
GLIPR2	-0.019	1	-0.153681
RANBP3	-0.019	1	-0.153681
PTDSS1	-0.019	1	-0.153681
PDCD6	-0.019	1	-0.153681
SSRP1	-0.02	1	-0.162219
AKAP8L	-0.02	1	-0.162219
COPB2	-0.02	1	-0.162219
ATP5O	-0.02	1	-0.162219
AP3D1	-0.02	1	-0.162219
CTNNBL1	-0.02	1	-0.162219
TBK1	-0.02	1	-0.162219
INTS10	-0.02	1	-0.162219
FIP1L1	-0.02	1	-0.162219
FBXO7	-0.02	1	-0.162219
PRMT3	-0.02	1	-0.162219
CFL1	-0.02	1	-0.162219
FUCA2	-0.02	1	-0.162219
PAPD4	-0.02	1	-0.162219
PGAM5	-0.021	1	-0.170757
RAB8A	-0.021	1	-0.170757
MRPS6	-0.021	1	-0.170757
YME1L1	-0.021	1	-0.170757
FKBP8	-0.021	1	-0.170757
MCAT	-0.021	1	-0.170757
CBX2	-0.021	1	-0.170757
SENP1	-0.021	1	-0.170757
LPGAT1	-0.021	1	-0.170757
PHGDH	-0.021	1	-0.170757
MRPS28	-0.022	1	-0.179295
FAM126A	-0.022	1	-0.179295
CTTN	-0.022	1	-0.179295
RPS6KA1	-0.022	1	-0.179295
PLEKHA1	-0.022	1	-0.179295
XRN1	-0.022	1	-0.179295
VPS4A	-0.022	1	-0.179295
GK	-0.022	1	-0.179295
COX6C	-0.023	1	-0.187833
PKP2	-0.023	1	-0.187833
MCM3	-0.023	1	-0.187833
C16ORF62	-0.023	1	-0.187833
AARS2	-0.023	1	-0.187833
ACOT13	-0.023	1	-0.187833
L2HGDH	-0.023	1	-0.187833
MINA	-0.023	1	-0.187833
PDK3	-0.023	1	-0.187833
DIS3	-0.023	1	-0.187833
ALDH7A1	-0.023	1	-0.187833
DNAJC13	-0.023	1	-0.187833
NUDT2	-0.023	1	-0.187833
DNAJC16	-0.024	1	-0.196371
PLK1	-0.024	1	-0.196371
TOP1	-0.024	1	-0.196371
NSA2	-0.024	1	-0.196371
SRPR	-0.024	1	-0.196371
CKAP5	-0.024	1	-0.196371
SLC25A13	-0.024	1	-0.196371
PABPC1	-0.024	1	-0.196371
IARS2	-0.024	1	-0.196371
KIAA0776	-0.024	1	-0.196371
PSMD14	-0.024	1	-0.196371
NAMPT	-0.024	1	-0.196371
VPS52	-0.025	1	-0.204909
RAB5B	-0.025	1	-0.204909
TFRC	-0.025	1	-0.204909
EPB41L2	-0.025	1	-0.204909
ERGIC3	-0.025	1	-0.204909
SEC63	-0.025	1	-0.204909
RAF1	-0.025	1	-0.204909
CAPZA2	-0.025	1	-0.204909
SYMPK	-0.025	1	-0.204909
DYNC2H1	-0.025	1	-0.204909
MRPL15	-0.025	1	-0.204909
FAM40A	-0.025	1	-0.204909
ACOT1	-0.025	1	-0.204909
CPNE3	-0.026	1	-0.213446
DDX54	-0.026	1	-0.213446
42249	-0.026	1	-0.213446
HSP90AA1	-0.026	1	-0.213446
PRPF38B	-0.026	1	-0.213446
IPO11	-0.026	1	-0.213446
MTHFD1	-0.026	1	-0.213446
AASS	-0.026	1	-0.213446
TRMT5	-0.026	1	-0.213446
PLD3	-0.026	1	-0.213446
MPI	-0.026	1	-0.213446
RBM15B	-0.027	1	-0.221984
CSNK1A1	-0.027	1	-0.221984
RAB5A	-0.027	1	-0.221984
SLC25A32	-0.027	1	-0.221984
FADS2	-0.027	1	-0.221984
MAD2L1	-0.027	1	-0.221984
MCM7	-0.027	1	-0.221984
CCDC47	-0.027	1	-0.221984
MAP2K1	-0.027	1	-0.221984
MT-ND1	-0.027	1	-0.221984
FASTKD1	-0.027	1	-0.221984
ZMYM1	-0.027	1	-0.221984
ERBB2IP	-0.028	1	-0.230522
ZNF121	-0.028	1	-0.230522
IGF2BP1	-0.028	1	-0.230522
ZNF503	-0.028	1	-0.230522
LARS2	-0.028	1	-0.230522
RBM9	-0.028	1	-0.230522
RPTOR	-0.028	1	-0.230522
STAT5B	-0.028	1	-0.230522
PRAF2	-0.028	1	-0.230522
CHORDC1	-0.028	1	-0.230522
SLC38A2	-0.028	1	-0.230522
HELZ	-0.028	1	-0.230522
PSMD2	-0.029	1	-0.23906
SPCS2	-0.029	1	-0.23906
PIGU	-0.029	1	-0.23906
HNRNPF	-0.029	1	-0.23906
EIF3A	-0.029	1	-0.23906
AAAS	-0.029	1	-0.23906
CABC1	-0.029	1	-0.23906
SMC4	-0.029	1	-0.23906
TUBA1B	-0.029	1	-0.23906
AHCY	-0.03	1	-0.247598
MRE11A	-0.03	1	-0.247598
CCT8	-0.03	1	-0.247598
ZNF638	-0.03	1	-0.247598
RAPGEF6	-0.03	1	-0.247598
CDK5RAP3	-0.03	1	-0.247598
GCN1L1	-0.03	1	-0.247598
GRB10	-0.03	1	-0.247598
MPST	-0.03	1	-0.247598
ATP5A1	-0.031	1	-0.256136
DDX50	-0.031	1	-0.256136
PPIA	-0.031	1	-0.256136
RTKN	-0.031	1	-0.256136
ABCB10	-0.031	1	-0.256136
METT5D1	-0.031	1	-0.256136
GLB1	-0.031	1	-0.256136
CMPK1	-0.031	1	-0.256136
TUBGCP3	-0.031	1	-0.256136
THOC2	-0.031	1	-0.256136
FARSB	-0.031	1	-0.256136
AGK	-0.031	1	-0.256136
RPS24	-0.031	1	-0.256136
NCAPD2	-0.031	1	-0.256136
CNOT10	-0.031	1	-0.256136
PSMA3	-0.031	1	-0.256136
MTOR	-0.031	1	-0.256136
DHFR	-0.031	1	-0.256136
SDHB	-0.032	1	-0.264674
PCNA	-0.032	1	-0.264674
RPS8	-0.032	1	-0.264674
TAF6L	-0.032	1	-0.264674
RAB14	-0.032	1	-0.264674
PPP1CC	-0.032	1	-0.264674
TARS	-0.032	1	-0.264674
HIP1R	-0.032	1	-0.264674
SPAST	-0.032	1	-0.264674
GNE	-0.032	1	-0.264674
DDX28	-0.032	1	-0.264674
PDCD6IP	-0.032	1	-0.264674
GFM2	-0.032	1	-0.264674
HSPA9	-0.032	1	-0.264674
TMEM126B	-0.033	1	-0.273211
RAB1A	-0.033	1	-0.273211
ARMCX3	-0.033	1	-0.273211
LRRC1	-0.033	1	-0.273211
POLR2H	-0.033	1	-0.273211
SRP72	-0.033	1	-0.273211
RBM19	-0.033	1	-0.273211
PIGK	-0.033	1	-0.273211
HDAC1	-0.033	1	-0.273211
PTBP1	-0.033	1	-0.273211
LAP3	-0.033	1	-0.273211
SRM	-0.033	1	-0.273211
HEATR1	-0.034	1	-0.281749
HSPA2	-0.034	1	-0.281749
PATL1	-0.034	1	-0.281749
UQCRFS1	-0.034	1	-0.281749
GTPBP8	-0.034	1	-0.281749
CLPX	-0.034	1	-0.281749
MAPRE2	-0.034	1	-0.281749
RPS15	-0.034	1	-0.281749
COPA	-0.034	1	-0.281749
SULT1A1	-0.034	1	-0.281749
SLC7A3	-0.034	1	-0.281749
LATS1	-0.035	1	-0.290287
ALAS1	-0.035	1	-0.290287
DHX36	-0.035	1	-0.290287
HSDL2	-0.035	1	-0.290287
NUP88	-0.035	1	-0.290287
MARS2	-0.035	1	-0.290287
TBL3	-0.035	1	-0.290287
PDK1	-0.035	1	-0.290287
IPO7	-0.035	1	-0.290287
FAM125A	-0.035	1	-0.290287
FBXO9	-0.036	1	-0.298825
ABCB7	-0.036	1	-0.298825
HSDL1	-0.036	1	-0.298825
NUDT1	-0.036	1	-0.298825
ACAA1	-0.036	1	-0.298825
POLA1	-0.036	1	-0.298825
UTP20	-0.036	1	-0.298825
UBR4	-0.036	1	-0.298825
NXN	-0.036	1	-0.298825
ACLY	-0.037	1	-0.307363
EEF2	-0.037	1	-0.307363
CDK5RAP1	-0.037	1	-0.307363
IP6K1	-0.037	1	-0.307363
DNAJA3	-0.037	1	-0.307363
SNRPA1	-0.037	1	-0.307363
NCKAP1	-0.037	1	-0.307363
UBXN7	-0.037	1	-0.307363
RAB10	-0.038	1	-0.315901
GLYR1	-0.038	1	-0.315901
MED12	-0.038	1	-0.315901
ARF1	-0.038	1	-0.315901
SFRS9	-0.039	1	-0.324439
EXOC2	-0.039	1	-0.324439
ILK	-0.039	1	-0.324439
RAB5C	-0.039	1	-0.324439
EYA4	-0.039	1	-0.324439
C12ORF10	-0.039	1	-0.324439
CCT3	-0.039	1	-0.324439
EIF3D	-0.039	1	-0.324439
BAT5	-0.039	1	-0.324439
COPG2	-0.039	1	-0.324439
TRMT2B	-0.039	1	-0.324439
XPO6	-0.039	1	-0.324439
RPS25	-0.04	1	-0.332976
OGT	-0.04	1	-0.332976
CDC123	-0.04	1	-0.332976
NSUN2	-0.04	1	-0.332976
FIBP	-0.04	1	-0.332976
PIGS	-0.04	1	-0.332976
HSP90AB1	-0.04	1	-0.332976
PRPF3	-0.04	1	-0.332976
TTC37	-0.04	1	-0.332976
DNM2	-0.04	1	-0.332976
TIPRL	-0.04	1	-0.332976
C3ORF58	-0.04	1	-0.332976
C7ORF10	-0.04	1	-0.332976
EXD2	-0.041	1	-0.341514
YIF1B	-0.041	1	-0.341514
PHB	-0.041	1	-0.341514
DDX52	-0.041	1	-0.341514
MRPS27	-0.041	1	-0.341514
ACSL4	-0.041	1	-0.341514
OCRL	-0.041	1	-0.341514
TUBG1	-0.041	1	-0.341514
TNRC6B	-0.041	1	-0.341514
ZNF33A	-0.041	1	-0.341514
ANAPC5	-0.041	1	-0.341514
CDK5	-0.041	1	-0.341514
NCAPG	-0.041	1	-0.341514
PPA1	-0.041	1	-0.341514
NOP56	-0.042	1	-0.350052
VTA1	-0.042	1	-0.350052
UBA6	-0.042	1	-0.350052
NSF	-0.042	1	-0.350052
LKAP	-0.042	1	-0.350052
LASS2	-0.042	1	-0.350052
ILVBL	-0.042	1	-0.350052
KIF2C	-0.042	1	-0.350052
SNRPD3	-0.042	1	-0.350052
GMDS	-0.042	1	-0.350052
BPHL	-0.042	1	-0.350052
RFC5	-0.042	1	-0.350052
DNM1L	-0.042	1	-0.350052
ATXN2L	-0.042	1	-0.350052
FTSJ3	-0.043	1	-0.35859
USP39	-0.043	1	-0.35859
SNRPD1	-0.043	1	-0.35859
RAB31	-0.043	1	-0.35859
RNMTL1	-0.043	1	-0.35859
QPCTL	-0.043	1	-0.35859
PFAS	-0.043	1	-0.35859
HK1	-0.043	1	-0.35859
DUSP9	-0.043	1	-0.35859
RRP8	-0.044	1	-0.367128
DEGS1	-0.044	1	-0.367128
YLPM1	-0.044	1	-0.367128
KIF22	-0.044	1	-0.367128
FANCD2	-0.044	1	-0.367128
SMARCAL1	-0.044	1	-0.367128
IMPDH2	-0.045	1	-0.375666
PTCD3	-0.045	1	-0.375666
RFC4	-0.045	1	-0.375666
MSH3	-0.045	1	-0.375666
EPRS	-0.045	1	-0.375666
GAA	-0.045	1	-0.375666
DDX1	-0.045	1	-0.375666
TMED4	-0.045	1	-0.375666
FOXRED1	-0.045	1	-0.375666
SNTB1	-0.045	1	-0.375666
AMMECR1	-0.045	1	-0.375666
AK6	-0.045	1	-0.375666
EEF1A2	-0.045	1	-0.375666
RAN	-0.045	1	-0.375666
HK2	-0.045	1	-0.375666
ARL6IP4	-0.046	1	-0.384204
NFS1	-0.046	1	-0.384204
EPPK1	-0.046	1	-0.384204
GALK1	-0.046	1	-0.384204
EHD4	-0.046	1	-0.384204
VAV2	-0.046	1	-0.384204
CUL4B	-0.046	1	-0.384204
MOCS2	-0.046	1	-0.384204
C19ORF25	-0.047	1	-0.392741
C22ORF28	-0.047	1	-0.392741
GTPBP6	-0.047	1	-0.392741
NUP37	-0.047	1	-0.392741
BCKDHA	-0.047	1	-0.392741
MYO19	-0.047	1	-0.392741
EIF5A	-0.047	1	-0.392741
KIAA1033	-0.047	1	-0.392741
RARS	-0.047	1	-0.392741
USP7	-0.047	1	-0.392741
ZCCHC11	-0.047	1	-0.392741
DRG1	-0.048	1	-0.401279
HBS1L	-0.048	1	-0.401279
INTS4	-0.048	1	-0.401279
SUGT1	-0.048	1	-0.401279
NDUFV1	-0.048	1	-0.401279
POLD3	-0.048	1	-0.401279
CCNC	-0.048	1	-0.401279
GNB2L1	-0.048	1	-0.401279
CDK2	-0.048	1	-0.401279
TTLL12	-0.048	1	-0.401279
PRPS1	-0.048	1	-0.401279
SMCHD1	-0.049	1	-0.409817
IWS1	-0.049	1	-0.409817
RING1	-0.049	1	-0.409817
SLC25A12	-0.049	1	-0.409817
UGDH	-0.049	1	-0.409817
PRPSAP1	-0.049	1	-0.409817
TUBB4	-0.049	1	-0.409817
RAP2B	-0.05	1	-0.418355
PARL	-0.05	1	-0.418355
CCT5	-0.05	1	-0.418355
FIG4	-0.05	1	-0.418355
ZNF768	-0.05	1	-0.418355
SAMM50	-0.05	1	-0.418355
RAP2C	-0.05	1	-0.418355
USP24	-0.05	1	-0.418355
CDC27	-0.05	1	-0.418355
TBCE	-0.05	1	-0.418355
CDC42EP1	-0.05	1	-0.418355
ORC1L	-0.05	1	-0.418355
FHOD1	-0.051	1	-0.426893
SF3A3	-0.051	1	-0.426893
RPN1	-0.051	1	-0.426893
CNOT6	-0.051	1	-0.426893
TMEM111	-0.051	1	-0.426893
DCLRE1A	-0.051	1	-0.426893
PDHB	-0.051	1	-0.426893
POLD1	-0.051	1	-0.426893
RBM27	-0.051	1	-0.426893
ZNF740	-0.051	1	-0.426893
EIF2S1	-0.051	1	-0.426893
AGTPBP1	-0.051	1	-0.426893
SARS	-0.051	1	-0.426893
GPSM1	-0.051	1	-0.426893
ETFA	-0.052	1	-0.435431
MAGED1	-0.052	1	-0.435431
KIF14	-0.052	1	-0.435431
TUBB	-0.052	1	-0.435431
ALDH1L1	-0.052	1	-0.435431
UBR3	-0.053	1	-0.443969
MOCS3	-0.053	1	-0.443969
SOAT1	-0.053	1	-0.443969
ACO2	-0.053	1	-0.443969
CLTC	-0.053	1	-0.443969
CCT6A	-0.053	1	-0.443969
OSBP	-0.053	1	-0.443969
PON2	-0.053	1	-0.443969
RAB34	-0.053	1	-0.443969
PRDX2	-0.054	1	-0.452506
PSMD6	-0.054	1	-0.452506
TSFM	-0.054	1	-0.452506
RIF1	-0.054	1	-0.452506
UBE3A	-0.054	1	-0.452506
HNRNPK	-0.054	1	-0.452506
SEC24B	-0.054	1	-0.452506
AHSA1	-0.054	1	-0.452506
DTNB	-0.054	1	-0.452506
TBC1D9B	-0.054	1	-0.452506
COMMD2	-0.055	1	-0.461044
HSPA1A	-0.055	1	-0.461044
EIF2B3	-0.055	1	-0.461044
ATP6V1A	-0.055	1	-0.461044
KPNA6	-0.055	1	-0.461044
PSME3	-0.055	1	-0.461044
ALG1	-0.055	1	-0.461044
VARS	-0.055	1	-0.461044
VPS53	-0.055	1	-0.461044
ZADH2	-0.055	1	-0.461044
FNDC3A	-0.055	1	-0.461044
USP4	-0.055	1	-0.461044
C12ORF23	-0.055	1	-0.461044
MTX1	-0.055	1	-0.461044
PTPRF	-0.056	1	-0.469582
FMR1	-0.056	1	-0.469582
WDR1	-0.056	1	-0.469582
VPS4B	-0.056	1	-0.469582
HSPA5	-0.056	1	-0.469582
GFM1	-0.056	1	-0.469582
STAT3	-0.056	1	-0.469582
SMAP2	-0.056	1	-0.469582
UBR5	-0.056	1	-0.469582
CCT2	-0.056	1	-0.469582
TOMM70A	-0.056	1	-0.469582
IKBKAP	-0.056	1	-0.469582
STK19	-0.056	1	-0.469582
ATP6AP2	-0.056	1	-0.469582
MPP1	-0.056	1	-0.469582
MAP2K6	-0.056	1	-0.469582
VPS16	-0.056	1	-0.469582
CCNT1	-0.057	1	-0.47812
EIF4A1	-0.057	1	-0.47812
FUK	-0.057	1	-0.47812
RBMX	-0.057	1	-0.47812
SNX6	-0.057	1	-0.47812
QRICH1	-0.057	1	-0.47812
RHOT2	-0.057	1	-0.47812
BYSL	-0.058	1	-0.486658
FLOT2	-0.058	1	-0.486658
MLTK	-0.058	1	-0.486658
CBX3	-0.058	1	-0.486658
RBM12	-0.058	1	-0.486658
UBAC2	-0.058	1	-0.486658
NSDHL	-0.058	1	-0.486658
DUS2L	-0.058	1	-0.486658
ATG4B	-0.058	1	-0.486658
AP3M1	-0.058	1	-0.486658
BRP44	-0.058	1	-0.486658
EARS2	-0.059	1	-0.495196
ANKRD27	-0.059	1	-0.495196
GCLM	-0.059	1	-0.495196
AP1G1	-0.059	1	-0.495196
MED14	-0.059	1	-0.495196
GLMN	-0.059	1	-0.495196
RQCD1	-0.059	1	-0.495196
CAPN2	-0.059	1	-0.495196
CTU1	-0.06	1	-0.503734
DCLK1	-0.06	1	-0.503734
ABCD3	-0.06	1	-0.503734
C14ORF21	-0.06	1	-0.503734
IMPA1	-0.06	1	-0.503734
DIAPH1	-0.06	1	-0.503734
IGF2BP2	-0.06	1	-0.503734
SAR1A	-0.06	1	-0.503734
PIAS1	-0.06	1	-0.503734
MPP6	-0.06	1	-0.503734
LSM4	-0.06	1	-0.503734
ARVCF	-0.06	1	-0.503734
SGPL1	-0.06	1	-0.503734
VPS33B	-0.06	1	-0.503734
CDC20	-0.061	1	-0.512271
GNAS	-0.061	1	-0.512271
IRAK1	-0.061	1	-0.512271
PTPN23	-0.061	1	-0.512271
OSBPL11	-0.061	1	-0.512271
TGFBRAP1	-0.061	1	-0.512271
PTPMT1	-0.061	1	-0.512271
PDXP	-0.061	1	-0.512271
C8ORF55	-0.062	1	-0.520809
FERMT2	-0.062	1	-0.520809
EIF2B5	-0.062	1	-0.520809
STRBP	-0.062	1	-0.520809
FDPS	-0.062	1	-0.520809
SMAD3	-0.062	1	-0.520809
GTF2B	-0.062	1	-0.520809
TUBB6	-0.062	1	-0.520809
ABT1	-0.063	1	-0.529347
FAIM	-0.063	1	-0.529347
DECR1	-0.063	1	-0.529347
ERCC6L	-0.063	1	-0.529347
RBM33	-0.063	1	-0.529347
HSD17B4	-0.063	1	-0.529347
SPTLC2	-0.063	1	-0.529347
POLR3B	-0.064	1	-0.537885
IQGAP2	-0.064	1	-0.537885
GLA	-0.064	1	-0.537885
COBRA1	-0.064	1	-0.537885
CDKAL1	-0.064	1	-0.537885
SCCPDH	-0.064	1	-0.537885
TRPC4AP	-0.064	1	-0.537885
NUP133	-0.064	1	-0.537885
PECI	-0.064	1	-0.537885
CLPB	-0.065	1	-0.546423
CDC7	-0.065	1	-0.546423
FYN	-0.065	1	-0.546423
TEX264	-0.065	1	-0.546423
SCRIB	-0.065	1	-0.546423
MRPL39	-0.065	1	-0.546423
AAMP	-0.065	1	-0.546423
ARL6	-0.065	1	-0.546423
SERPINH1	-0.065	1	-0.546423
LARS	-0.065	1	-0.546423
HARS2	-0.066	1	-0.554961
PRKAG1	-0.066	1	-0.554961
RAB2A	-0.066	1	-0.554961
AKAP1	-0.066	1	-0.554961
GTF2I	-0.066	1	-0.554961
SMARCD2	-0.066	1	-0.554961
ZNF773	-0.066	1	-0.554961
MCM4	-0.066	1	-0.554961
LGTN	-0.066	1	-0.554961
KIAA0090	-0.066	1	-0.554961
TUBB2A	-0.066	1	-0.554961
QIL1	-0.066	1	-0.554961
NME2	-0.067	1	-0.563499
MTCH2	-0.067	1	-0.563499
TAF1C	-0.067	1	-0.563499
LYPLAL1	-0.067	1	-0.563499
RPS7	-0.067	1	-0.563499
ALG13	-0.067	1	-0.563499
NDUFA10	-0.067	1	-0.563499
EIF2B1	-0.067	1	-0.563499
ATG3	-0.067	1	-0.563499
PPM1F	-0.067	1	-0.563499
PRPS2	-0.067	1	-0.563499
TUBB2B	-0.067	1	-0.563499
ADD1	-0.068	1	-0.572036
ATP5B	-0.068	1	-0.572036
WIZ	-0.068	1	-0.572036
ADSL	-0.068	1	-0.572036
IQGAP1	-0.068	1	-0.572036
UBE3C	-0.068	1	-0.572036
DARS2	-0.068	1	-0.572036
PANK4	-0.068	1	-0.572036
MST4	-0.068	1	-0.572036
SLC30A5	-0.068	1	-0.572036
ZNF214	-0.069	1	-0.580574
GTF2H2	-0.069	1	-0.580574
RPS28	-0.069	1	-0.580574
ESPL1	-0.069	1	-0.580574
PPP2R5C	-0.069	1	-0.580574
HDLBP	-0.069	1	-0.580574
FARSA	-0.069	1	-0.580574
PRIM2	-0.069	1	-0.580574
NUP62	-0.069	1	-0.580574
RIPK1	-0.069	1	-0.580574
PRCP	-0.069	1	-0.580574
DGKA	-0.069	1	-0.580574
TUBB3	-0.069	1	-0.580574
TRUB1	-0.069	1	-0.580574
RAB11B	-0.07	1	-0.589112
GPT2	-0.07	1	-0.589112
NEDD4L	-0.07	1	-0.589112
TBX3	-0.07	1	-0.589112
UPF1	-0.07	1	-0.589112
KPNA5	-0.07	1	-0.589112
CTDP1	-0.07	1	-0.589112
AP2A1	-0.07	1	-0.589112
RNASEN	-0.07	1	-0.589112
GNA11	-0.07	1	-0.589112
STK24	-0.07	1	-0.589112
HIGD1A	-0.07	1	-0.589112
MCCC2	-0.071	1	-0.59765
RBM16	-0.071	1	-0.59765
AK1	-0.071	1	-0.59765
TMEM165	-0.071	1	-0.59765
UBE4B	-0.071	1	-0.59765
LDHA	-0.071	1	-0.59765
TMLHE	-0.071	1	-0.59765
TRNT1	-0.071	1	-0.59765
AK3L1	-0.072	1	-0.606188
RPL5	-0.072	1	-0.606188
AGPS	-0.072	1	-0.606188
MCART1	-0.072	1	-0.606188
BPNT1	-0.072	1	-0.606188
BUB1B	-0.072	1	-0.606188
URGCP	-0.072	1	-0.606188
KIF18B	-0.072	1	-0.606188
PPP2R5D	-0.072	1	-0.606188
NUP153	-0.072	1	-0.606188
TOP3B	-0.072	1	-0.606188
NDUFB4	-0.072	1	-0.606188
FSCN1	-0.072	1	-0.606188
MAP4K3	-0.073	1	-0.614726
PREP	-0.073	1	-0.614726
EIF4A2	-0.073	1	-0.614726
RRM1	-0.073	1	-0.614726
TCP1	-0.073	1	-0.614726
ST13	-0.073	1	-0.614726
CYFIP1	-0.073	1	-0.614726
HNRNPUL2	-0.073	1	-0.614726
NAA35	-0.073	1	-0.614726
TUBB2C	-0.073	1	-0.614726
COG1	-0.073	1	-0.614726
PRKD2	-0.074	1	-0.623264
ITPA	-0.074	1	-0.623264
WDR75	-0.074	1	-0.623264
DKC1	-0.074	1	-0.623264
NSUN3	-0.074	1	-0.623264
OTUB1	-0.074	1	-0.623264
THNSL1	-0.074	1	-0.623264
PIK3C3	-0.074	1	-0.623264
PTK2	-0.074	1	-0.623264
METTL11A	-0.074	1	-0.623264
KRT9	-0.075	1	-0.631801
PPM1G	-0.075	1	-0.631801
ADD2	-0.075	1	-0.631801
AMZ2	-0.075	1	-0.631801
CDK9	-0.075	1	-0.631801
ACTR2	-0.075	1	-0.631801
CACYBP	-0.075	1	-0.631801
HSPA8	-0.075	1	-0.631801
COG5	-0.075	1	-0.631801
METTL8	-0.075	1	-0.631801
NUP54	-0.075	1	-0.631801
PAFAH1B2	-0.075	1	-0.631801
SLIRP	-0.075	1	-0.631801
RPL12	-0.075	1	-0.631801
SC4MOL	-0.075	1	-0.631801
RRAS2	-0.076	1	-0.640339
GANAB	-0.076	1	-0.640339
AKT2	-0.076	1	-0.640339
HNRNPR	-0.076	1	-0.640339
UBXN1	-0.076	1	-0.640339
GMPS	-0.076	1	-0.640339
RAB7L1	-0.076	1	-0.640339
LRRC40	-0.076	1	-0.640339
RTCD1	-0.076	1	-0.640339
INTS9	-0.077	1	-0.648877
MRPS9	-0.077	1	-0.648877
RSU1	-0.077	1	-0.648877
ORC3L	-0.077	1	-0.648877
EXOC1	-0.077	1	-0.648877
PRPF4	-0.077	1	-0.648877
RABL3	-0.077	1	-0.648877
CDK13	-0.078	1	-0.657415
PDS5A	-0.078	1	-0.657415
MTX2	-0.078	1	-0.657415
CNDP2	-0.078	1	-0.657415
ANO10	-0.078	1	-0.657415
MOBKL1A	-0.078	1	-0.657415
TUBGCP4	-0.078	1	-0.657415
EXOSC1	-0.078	1	-0.657415
COIL	-0.078	1	-0.657415
EXOSC3	-0.078	1	-0.657415
PHB2	-0.079	1	-0.665953
MRPS2	-0.079	1	-0.665953
CTR9	-0.079	1	-0.665953
SND1	-0.079	1	-0.665953
SNX3	-0.079	1	-0.665953
C3ORF31	-0.079	1	-0.665953
EIF3B	-0.079	1	-0.665953
PCGF1	-0.079	1	-0.665953
ERI1	-0.079	1	-0.665953
PSMD11	-0.079	1	-0.665953
SCYL1	-0.079	1	-0.665953
CLASP1	-0.08	1	-0.674491
BRIX1	-0.08	1	-0.674491
TSNAX	-0.08	1	-0.674491
MAP2K3	-0.08	1	-0.674491
ANAPC7	-0.08	1	-0.674491
CTSD	-0.081	1	-0.683029
POLR2L	-0.081	1	-0.683029
STT3B	-0.081	1	-0.683029
GSE1	-0.081	1	-0.683029
DCAF7	-0.081	1	-0.683029
PDPK1	-0.081	1	-0.683029
CDC73	-0.081	1	-0.683029
ERGIC2	-0.082	1	-0.691566
KIAA0664	-0.082	1	-0.691566
FAHD2A	-0.082	1	-0.691566
DCP2	-0.082	1	-0.691566
NDUFA9	-0.082	1	-0.691566
CDYL	-0.082	1	-0.691566
RFK	-0.083	1	-0.700104
GBAS	-0.083	1	-0.700104
RAB24	-0.083	1	-0.700104
GNL1	-0.083	1	-0.700104
STK4	-0.083	1	-0.700104
RBPMS2	-0.083	1	-0.700104
NUDT16	-0.083	1	-0.700104
YEATS2	-0.083	1	-0.700104
LNPEP	-0.083	1	-0.700104
ZFP1	-0.083	1	-0.700104
MAD1L1	-0.083	1	-0.700104
EPT1	-0.083	1	-0.700104
TMEM201	-0.083	1	-0.700104
ITM2C	-0.083	1	-0.700104
HADHA	-0.084	1	-0.708642
UTP14A	-0.084	1	-0.708642
AURKA	-0.084	1	-0.708642
NOP14	-0.085	1	-0.71718
RUVBL1	-0.085	1	-0.71718
NECAP2	-0.085	1	-0.71718
IDH3B	-0.085	1	-0.71718
HDAC6	-0.085	1	-0.71718
ABCF2	-0.085	1	-0.71718
GPAA1	-0.085	1	-0.71718
RINT1	-0.085	1	-0.71718
POLR3A	-0.085	1	-0.71718
RPA3	-0.085	1	-0.71718
PRPF4B	-0.086	1	-0.725718
COG4	-0.086	1	-0.725718
KIAA1279	-0.086	1	-0.725718
DDX27	-0.086	1	-0.725718
TOMM7	-0.086	1	-0.725718
PLOD2	-0.086	1	-0.725718
NSUN6	-0.086	1	-0.725718
PTPN2	-0.087	1	-0.734256
PDCD11	-0.087	1	-0.734256
MRI1	-0.087	1	-0.734256
CCT4	-0.087	1	-0.734256
GUF1	-0.087	1	-0.734256
ACADSB	-0.087	1	-0.734256
RAB6A	-0.088	1	-0.742794
RAB38	-0.088	1	-0.742794
ZNF281	-0.088	1	-0.742794
RAP1A	-0.089	1	-0.751331
GNL2	-0.089	1	-0.751331
CRTAP	-0.089	1	-0.751331
NAA50	-0.089	1	-0.751331
CDK12	-0.089	1	-0.751331
NEK9	-0.089	1	-0.751331
XRN2	-0.089	1	-0.751331
ZNF622	-0.089	1	-0.751331
POLR3C	-0.089	1	-0.751331
PICALM	-0.089	1	-0.751331
DSCR3	-0.089	1	-0.751331
KATNB1	-0.089	1	-0.751331
MTFMT	-0.089	1	-0.751331
SHMT2	-0.09	1	-0.759869
POLDIP2	-0.09	1	-0.759869
PYGL	-0.09	1	-0.759869
SFXN3	-0.09	1	-0.759869
ACTL6A	-0.09	1	-0.759869
GAPDH	-0.09	1	-0.759869
RPS15A	-0.09	1	-0.759869
RCL1	-0.091	1	-0.768407
NUP107	-0.091	1	-0.768407
CIRH1A	-0.091	1	-0.768407
TRMT2A	-0.091	1	-0.768407
ZNF326	-0.092	1	-0.776945
LAS1L	-0.092	1	-0.776945
FAR1	-0.092	1	-0.776945
MYCBP2	-0.092	1	-0.776945
DDX47	-0.092	1	-0.776945
ETFB	-0.092	1	-0.776945
RBBP4	-0.092	1	-0.776945
EEF1A1	-0.092	1	-0.776945
CNN3	-0.092	1	-0.776945
FMNL2	-0.093	1	-0.785483
FMNL3	-0.093	1	-0.785483
RAB18	-0.093	1	-0.785483
VPS26A	-0.093	1	-0.785483
RHEB	-0.093	1	-0.785483
ALDH1A2	-0.093	1	-0.785483
COMTD1	-0.093	1	-0.785483
HNRNPL	-0.094	1	-0.794021
GYG1	-0.094	1	-0.794021
MYL6	-0.094	1	-0.794021
RAD9A	-0.094	1	-0.794021
CTU2	-0.094	1	-0.794021
XPNPEP1	-0.094	1	-0.794021
RPA1	-0.094	1	-0.794021
MBD3	-0.095	1	-0.802559
FH	-0.095	1	-0.802559
RAB6B	-0.095	1	-0.802559
TMTC3	-0.095	1	-0.802559
ISG20L2	-0.095	1	-0.802559
SLC27A4	-0.095	1	-0.802559
DCP1B	-0.095	1	-0.802559
LSG1	-0.096	1	-0.811096
TRAP1	-0.096	1	-0.811096
RCC1	-0.096	1	-0.811096
DDX49	-0.096	1	-0.811096
SMARCD1	-0.096	1	-0.811096
PRKAB1	-0.096	1	-0.811096
NUPL2	-0.096	1	-0.811096
DLAT	-0.096	1	-0.811096
GCAT	-0.096	1	-0.811096
UBTF	-0.096	1	-0.811096
TUBGCP2	-0.096	1	-0.811096
EIF2C2	-0.096	1	-0.811096
SACS	-0.097	1	-0.819634
C4ORF14	-0.097	1	-0.819634
TWF2	-0.097	1	-0.819634
ALDH18A1	-0.097	1	-0.819634
STK38L	-0.097	1	-0.819634
PSMA5	-0.097	1	-0.819634
C21ORF33	-0.097	1	-0.819634
AP1M1	-0.097	1	-0.819634
PPME1	-0.097	1	-0.819634
TWF1	-0.097	1	-0.819634
XRCC6	-0.097	1	-0.819634
CDK6	-0.098	1	-0.828172
UTP18	-0.098	1	-0.828172
MTIF2	-0.098	1	-0.828172
FAM120A	-0.098	1	-0.828172
ASCC1	-0.098	1	-0.828172
MTG1	-0.098	1	-0.828172
TIMM44	-0.098	1	-0.828172
METTL7A	-0.098	1	-0.828172
VAPB	-0.098	1	-0.828172
BCLAF1	-0.099	1	-0.83671
CYP2S1	-0.099	1	-0.83671
SEC11A	-0.099	1	-0.83671
ERLIN1	-0.099	1	-0.83671
CBARA1	-0.099	1	-0.83671
SQLE	-0.099	1	-0.83671
HAT1	-0.099	1	-0.83671
HNRPDL	-0.099	1	-0.83671
LYPLA2	-0.099	1	-0.83671
BCOR	-0.1	1	-0.845248
AP1B1	-0.1	1	-0.845248
USP38	-0.1	1	-0.845248
ACTR1B	-0.1	1	-0.845248
USP10	-0.1	1	-0.845248
UBXN6	-0.1	1	-0.845248
OMA1	-0.1	1	-0.845248
IDI1	-0.1	1	-0.845248
METTL13	-0.101	1	-0.853786
PKMYT1	-0.101	1	-0.853786
PMVK	-0.101	1	-0.853786
FXR2	-0.101	1	-0.853786
CDK18	-0.101	1	-0.853786
MAPRE1	-0.101	1	-0.853786
MTHFD2	-0.101	1	-0.853786
DDX11	-0.101	1	-0.853786
QARS	-0.101	1	-0.853786
PPP2R1A	-0.101	1	-0.853786
BLVRA	-0.101	1	-0.853786
NPEPPS	-0.101	1	-0.853786
NOL10	-0.102	1	-0.862324
GPX8	-0.102	1	-0.862324
FASN	-0.102	1	-0.862324
TMED9	-0.102	1	-0.862324
CCT7	-0.102	1	-0.862324
INPP4A	-0.102	1	-0.862324
MAPK1	-0.103	1	-0.870861
ELAC2	-0.103	1	-0.870861
KPNA2	-0.103	1	-0.870861
HSPA12A	-0.103	1	-0.870861
SELENBP1	-0.103	1	-0.870861
OXCT1	-0.104	1	-0.879399
NUP50	-0.104	1	-0.879399
NIP7	-0.104	1	-0.879399
UAP1L1	-0.104	1	-0.879399
DRG2	-0.104	1	-0.879399
SNX7	-0.104	1	-0.879399
USP11	-0.104	1	-0.879399
RPL9	-0.104	1	-0.879399
DYNC2LI1	-0.105	1	-0.887937
HSPH1	-0.105	1	-0.887937
TBPL1	-0.105	1	-0.887937
RCOR3	-0.105	1	-0.887937
ACOX3	-0.106	1	-0.896475
UCK2	-0.106	1	-0.896475
ATXN10	-0.106	1	-0.896475
IFT172	-0.106	1	-0.896475
CPSF3L	-0.106	1	-0.896475
FAM108B1	-0.107	1	-0.905013
SPCS3	-0.107	1	-0.905013
MYO1E	-0.107	1	-0.905013
KIAA1524	-0.108	1	-0.913551
GLT8D1	-0.108	1	-0.913551
RBM47	-0.108	1	-0.913551
SNX8	-0.108	1	-0.913551
ARL2	-0.108	1	-0.913551
SH3PXD2B	-0.108	1	-0.913551
BUB3	-0.108	1	-0.913551
PRKCA	-0.108	1	-0.913551
DVL3	-0.108	1	-0.913551
GPN1	-0.109	1	-0.922089
RAB43	-0.109	1	-0.922089
DHX57	-0.109	1	-0.922089
PXN	-0.109	1	-0.922089
HSPD1	-0.109	1	-0.922089
ACTR1A	-0.11	1	-0.930626
DHX15	-0.11	1	-0.930626
TAGLN2	-0.11	1	-0.930626
MAPKAPK2	-0.11	1	-0.930626
LONP2	-0.11	1	-0.930626
BRE	-0.11	1	-0.930626
FAM49A	-0.11	1	-0.930626
MRPL21	-0.11	1	-0.930626
MASTL	-0.111	1	-0.939164
EEF1B2	-0.111	1	-0.939164
ARL10	-0.111	1	-0.939164
RAD51	-0.111	1	-0.939164
C11ORF59	-0.111	1	-0.939164
ACSF2	-0.111	1	-0.939164
SLC12A2	-0.111	1	-0.939164
STAT1	-0.112	1	-0.947702
DVL2	-0.112	1	-0.947702
UBE2L3	-0.112	1	-0.947702
DUS3L	-0.112	1	-0.947702
NOB1	-0.113	1	-0.95624
NDUFS1	-0.113	1	-0.95624
GAK	-0.113	1	-0.95624
ZBTB33	-0.113	1	-0.95624
ESRP2	-0.113	1	-0.95624
UBA1	-0.113	1	-0.95624
ACP1	-0.113	1	-0.95624
TFDP1	-0.113	1	-0.95624
C3ORF1	-0.113	1	-0.95624
CSDE1	-0.114	1	-0.964778
MCM2	-0.114	1	-0.964778
NOL6	-0.114	1	-0.964778
CUL4A	-0.114	1	-0.964778
NRAS	-0.115	1	-0.973316
SCAMP3	-0.115	1	-0.973316
TRMT1	-0.115	1	-0.973316
CDK1	-0.115	1	-0.973316
LARP4	-0.115	1	-0.973316
AP2B1	-0.115	1	-0.973316
MTO1	-0.115	1	-0.973316
EXOC3	-0.115	1	-0.973316
ANLN	-0.115	1	-0.973316
DDX24	-0.116	1	-0.981854
UMPS	-0.116	1	-0.981854
CDIPT	-0.116	1	-0.981854
AK2	-0.116	1	-0.981854
PIR	-0.116	1	-0.981854
DDX21	-0.117	1	-0.990391
PC	-0.117	1	-0.990391
DCAKD	-0.117	1	-0.990391
ACSL1	-0.117	1	-0.990391
ANAPC1	-0.117	1	-0.990391
ABR	-0.118	1	-0.998929
ARL5B	-0.118	1	-0.998929
SF1	-0.118	1	-0.998929
NUDCD2	-0.118	1	-0.998929
ATP6AP1	-0.119	1	-1.00747
ACACB	-0.119	1	-1.00747
RNPEP	-0.119	1	-1.00747
NT5DC2	-0.12	1	-1.01601
PARVA	-0.12	1	-1.01601
C14ORF166	-0.12	1	-1.01601
TELO2	-0.12	1	-1.01601
CORO2A	-0.12	1	-1.01601
PARVB	-0.12	1	-1.01601
VCL	-0.121	1	-1.02454
GSTP1	-0.121	1	-1.02454
PRKAR2B	-0.121	1	-1.02454
FN1	-0.121	1	-1.02454
MTP18	-0.121	1	-1.02454
COASY	-0.121	1	-1.02454
SFRS11	-0.121	1	-1.02454
PCCA	-0.122	1	-1.03308
KIAA0564	-0.122	1	-1.03308
CHEK2	-0.122	1	-1.03308
PBRM1	-0.123	1	-1.04162
PIGT	-0.123	1	-1.04162
NUB1	-0.123	1	-1.04162
ASNS	-0.123	1	-1.04162
GDI2	-0.124	1	-1.05016
AACS	-0.124	1	-1.05016
MCTS1	-0.124	1	-1.05016
POLE2	-0.124	1	-1.05016
SMUG1	-0.124	1	-1.05016
LIPA	-0.125	1	-1.05869
MAPK3	-0.125	1	-1.05869
VPS29	-0.125	1	-1.05869
CYP20A1	-0.126	1	-1.06723
PLOD1	-0.126	1	-1.06723
PTRH2	-0.126	1	-1.06723
NLRX1	-0.126	1	-1.06723
C17ORF42	-0.126	1	-1.06723
AP4S1	-0.126	1	-1.06723
MRPS30	-0.127	1	-1.07577
MCCC1	-0.127	1	-1.07577
TFB2M	-0.127	1	-1.07577
IFRD2	-0.127	1	-1.07577
RNF160	-0.127	1	-1.07577
DUSP3	-0.127	1	-1.07577
ENO1	-0.127	1	-1.07577
DONSON	-0.127	1	-1.07577
EPB41L5	-0.128	1	-1.08431
CEBPZ	-0.128	1	-1.08431
PSMD10	-0.128	1	-1.08431
MRPL23	-0.128	1	-1.08431
NCOR1	-0.128	1	-1.08431
MYO1C	-0.128	1	-1.08431
SAV1	-0.129	1	-1.09285
AIMP2	-0.129	1	-1.09285
HADHB	-0.129	1	-1.09285
KIAA1967	-0.129	1	-1.09285
XRCC5	-0.129	1	-1.09285
EIF3E	-0.129	1	-1.09285
PAQR4	-0.129	1	-1.09285
EIF4ENIF1	-0.129	1	-1.09285
PSMD1	-0.13	1	-1.10138
ULK3	-0.13	1	-1.10138
CPSF2	-0.131	1	-1.10992
ZNHIT6	-0.131	1	-1.10992
ATL1	-0.131	1	-1.10992
RANBP6	-0.131	1	-1.10992
SHPRH	-0.132	1	-1.11846
NOL9	-0.132	1	-1.11846
NBEA	-0.132	1	-1.11846
BRIP1	-0.132	1	-1.11846
ZDHHC17	-0.132	1	-1.11846
INPP5K	-0.133	1	-1.127
RAC3	-0.133	1	-1.127
RSL1D1	-0.133	1	-1.127
RBM5	-0.133	1	-1.127
BAT2L2	-0.133	1	-1.127
DHX16	-0.133	1	-1.127
DHX8	-0.133	1	-1.127
SKP2	-0.133	1	-1.127
HSPA14	-0.134	1	-1.13554
CDC45	-0.134	1	-1.13554
ISYNA1	-0.134	1	-1.13554
DAGLB	-0.135	1	-1.14407
PWP2	-0.135	1	-1.14407
ANXA2	-0.135	1	-1.14407
FARS2	-0.136	1	-1.15261
LSM14B	-0.136	1	-1.15261
PIGG	-0.136	1	-1.15261
DNAJC11	-0.136	1	-1.15261
MRPL38	-0.136	1	-1.15261
HLTF	-0.136	1	-1.15261
DYM	-0.136	1	-1.15261
DYNC1LI2	-0.137	1	-1.16115
NDUFS8	-0.137	1	-1.16115
EIF2S3	-0.138	1	-1.16969
RRAS	-0.138	1	-1.16969
ZFHX4	-0.138	1	-1.16969
P4HA1	-0.138	1	-1.16969
PPP2R2A	-0.138	1	-1.16969
PKN2	-0.138	1	-1.16969
PYGB	-0.138	1	-1.16969
APIP	-0.138	1	-1.16969
C3ORF38	-0.138	1	-1.16969
MEPCE	-0.139	1	-1.17822
WWP2	-0.139	1	-1.17822
RPA2	-0.139	1	-1.17822
NT5C3	-0.139	1	-1.17822
C11ORF73	-0.139	1	-1.17822
PLEKHG1	-0.139	1	-1.17822
GNA13	-0.14	1	-1.18676
AURKAIP1	-0.14	1	-1.18676
EIF1AX	-0.14	1	-1.18676
PPIB	-0.141	1	-1.1953
FAM98B	-0.141	1	-1.1953
C6ORF211	-0.141	1	-1.1953
HOXA10	-0.141	1	-1.1953
PSPC1	-0.141	1	-1.1953
RIOK2	-0.141	1	-1.1953
SERPINB1	-0.141	1	-1.1953
ACO1	-0.141	1	-1.1953
KIAA0196	-0.141	1	-1.1953
TBP	-0.142	1	-1.20384
PFKL	-0.142	1	-1.20384
TLN1	-0.142	1	-1.20384
DDX56	-0.143	1	-1.21238
SR140	-0.143	1	-1.21238
MRPL13	-0.143	1	-1.21238
DNPEP	-0.143	1	-1.21238
C1QBP	-0.144	1	-1.22091
TROVE2	-0.144	1	-1.22091
ATP1B3	-0.144	1	-1.22091
CHEK1	-0.145	1	-1.22945
PISD	-0.146	1	-1.23799
PACS1	-0.146	1	-1.23799
ECD	-0.146	1	-1.23799
TYMS	-0.147	1	-1.24653
PRPF8	-0.147	1	-1.24653
SENP8	-0.147	1	-1.24653
THAP11	-0.147	1	-1.24653
POLR1C	-0.148	1	-1.25507
CDK4	-0.148	1	-1.25507
NAA40	-0.148	1	-1.25507
DICER1	-0.148	1	-1.25507
RAC1	-0.148	1	-1.25507
TRMU	-0.148	1	-1.25507
HECTD3	-0.149	1	-1.2636
GPI	-0.149	1	-1.2636
TTC38	-0.149	1	-1.2636
IGHMBP2	-0.149	1	-1.2636
LCMT2	-0.149	1	-1.2636
QTRTD1	-0.15	1	-1.27214
NNT	-0.15	1	-1.27214
SSBP1	-0.15	1	-1.27214
PNPLA6	-0.151	1	-1.28068
RNGTT	-0.151	1	-1.28068
ALDH16A1	-0.151	1	-1.28068
UBE2O	-0.151	1	-1.28068
PRKCQ	-0.151	1	-1.28068
GBF1	-0.153	1	-1.29775
ACACA	-0.154	1	-1.30629
POLR2B	-0.154	1	-1.30629
CYP51A1	-0.154	1	-1.30629
GGCX	-0.155	1	-1.31483
PRKAA2	-0.155	1	-1.31483
FRMD6	-0.155	1	-1.31483
GLT25D1	-0.156	1	-1.32337
PDXDC1	-0.156	1	-1.32337
ABCE1	-0.156	1	-1.32337
WARS	-0.156	1	-1.32337
RPP30	-0.156	1	-1.32337
NDUFB10	-0.156	1	-1.32337
NOC4L	-0.156	1	-1.32337
SF3B3	-0.157	1	-1.33191
CDK17	-0.157	1	-1.33191
NET1	-0.157	1	-1.33191
NUBP2	-0.157	1	-1.33191
RAB3D	-0.158	1	-1.34044
MTR	-0.158	1	-1.34044
FAHD1	-0.159	1	-1.34898
MORF4L1	-0.159	1	-1.34898
MRPL53	-0.16	1	-1.35752
GYS1	-0.16	1	-1.35752
CCAR1	-0.16	1	-1.35752
BAT2L1	-0.16	1	-1.35752
C8ORF38	-0.16	1	-1.35752
PTPLAD1	-0.161	1	-1.36606
CISD1	-0.161	1	-1.36606
TSPYL1	-0.161	1	-1.36606
CYB5R1	-0.162	1	-1.3746
CDC42BPB	-0.163	1	-1.38313
POLR2A	-0.163	1	-1.38313
NT5C3L	-0.164	1	-1.39167
PITRM1	-0.164	1	-1.39167
NUDT16L1	-0.164	1	-1.39167
KIF4A	-0.165	1	-1.40021
ITPR2	-0.165	1	-1.40021
HSPA4L	-0.165	1	-1.40021
ACOT7	-0.165	1	-1.40021
DGKE	-0.166	1	-1.40875
CHD1L	-0.166	1	-1.40875
PDE12	-0.166	1	-1.40875
WDR26	-0.167	1	-1.41728
AKAP10	-0.167	1	-1.41728
C11ORF83	-0.167	1	-1.41728
NUP35	-0.167	1	-1.41728
DYNLRB1	-0.168	1	-1.42582
VAMP7	-0.168	1	-1.42582
NKIRAS2	-0.168	1	-1.42582
FADS1	-0.168	1	-1.42582
PARG	-0.168	1	-1.42582
SYK	-0.169	1	-1.43436
SCO2	-0.171	1	-1.45144
SLC1A5	-0.172	1	-1.45997
MT-CO2	-0.172	1	-1.45997
AP1G2	-0.172	1	-1.45997
TTK	-0.173	1	-1.46851
DMXL2	-0.173	1	-1.46851
SUZ12	-0.173	1	-1.46851
PGS1	-0.174	1	-1.47705
VPS13C	-0.174	1	-1.47705
EIF3F	-0.174	1	-1.47705
AASDHPPT	-0.174	1	-1.47705
NDRG3	-0.175	1	-1.48559
AGPAT6	-0.175	1	-1.48559
GFPT1	-0.176	1	-1.49413
POLR2E	-0.176	1	-1.49413
SAAL1	-0.176	1	-1.49413
CHERP	-0.177	1	-1.50266
TALDO1	-0.177	1	-1.50266
UBAP2L	-0.177	1	-1.50266
CLN8	-0.177	1	-1.50266
DDX31	-0.178	1	-1.5112
RNH1	-0.178	1	-1.5112
EFHA1	-0.179	1	-1.51974
EIF2B2	-0.179	1	-1.51974
AP2A2	-0.179	1	-1.51974
ANXA7	-0.18	1	-1.52828
ZNF148	-0.18	1	-1.52828
GPD1L	-0.18	1	-1.52828
APPL1	-0.182	1	-1.54535
INPP1	-0.182	1	-1.54535
FBL	-0.182	1	-1.54535
KDELC2	-0.182	1	-1.54535
CSK	-0.182	1	-1.54535
AMFR	-0.182	1	-1.54535
DDX55	-0.183	1	-1.55389
SYNCRIP	-0.183	1	-1.55389
CWF19L1	-0.184	1	-1.56243
ECSIT	-0.184	1	-1.56243
NAA10	-0.185	1	-1.57097
GATAD1	-0.186	1	-1.5795
CAP1	-0.187	1	-1.58804
MRPS11	-0.187	1	-1.58804
ALDH4A1	-0.187	1	-1.58804
HMBS	-0.187	1	-1.58804
EIF3L	-0.188	1	-1.59658
IDE	-0.188	1	-1.59658
BCCIP	-0.189	1	-1.60512
RAB7A	-0.19	1	-1.61366
PGK1	-0.19	1	-1.61366
TBC1D7	-0.19	1	-1.61366
NAF1	-0.191	1	-1.62219
CKAP2	-0.192	1	-1.63073
PAFAH1B3	-0.192	1	-1.63073
MOSC2	-0.192	1	-1.63073
KIAA0892	-0.193	1	-1.63927
PRKAA1	-0.193	1	-1.63927
KRR1	-0.193	1	-1.63927
ALKBH4	-0.193	1	-1.63927
VRK3	-0.194	1	-1.64781
NEDD4	-0.194	1	-1.64781
ARHGDIA	-0.194	1	-1.64781
NHLRC2	-0.194	1	-1.64781
ARL3	-0.194	1	-1.64781
NAT14	-0.195	1	-1.65634
FAF1	-0.195	1	-1.65634
TRMT112	-0.196	1	-1.66488
VTN	-0.196	1	-1.66488
MRPS34	-0.196	1	-1.66488
GET4	-0.197	1	-1.67342
GTPBP5	-0.197	1	-1.67342
SLC25A30	-0.198	1	-1.68196
AKT1	-0.198	1	-1.68196
HSPA13	-0.198	1	-1.68196
FOXRED2	-0.2	1	-1.69903
GEN1	-0.2	1	-1.69903
RBM17	-0.202	1	-1.71611
RAB11FIP2	-0.203	1	-1.72465
SDR39U1	-0.203	1	-1.72465
MRPS35	-0.203	1	-1.72465
G6PD	-0.204	1	-1.73319
MGEA5	-0.204	1	-1.73319
FAM48A	-0.205	1	-1.74172
EIF2B4	-0.206	1	-1.75026
UCKL1	-0.206	1	-1.75026
PET112L	-0.207	1	-1.7588
UBA5	-0.208	1	-1.76734
SNAP47	-0.209	1	-1.77587
FTO	-0.209	1	-1.77587
KCMF1	-0.21	1	-1.78441
HSD17B7	-0.211	1	-1.79295
INTS3	-0.211	1	-1.79295
MED1	-0.212	1	-1.80149
RNASEH2A	-0.213	1	-1.81003
ARMC9	-0.213	1	-1.81003
TSEN34	-0.214	1	-1.81856
MDH2	-0.215	1	-1.8271
ANXA11	-0.215	1	-1.8271
HPRT1	-0.215	1	-1.8271
PPP2CB	-0.215	1	-1.8271
PGD	-0.216	1	-1.83564
MYO9A	-0.217	1	-1.84418
MYO9B	-0.217	1	-1.84418
AGPAT1	-0.218	1	-1.85272
SNRPC	-0.218	1	-1.85272
CPSF1	-0.219	1	-1.86125
SLK	-0.219	1	-1.86125
KATNA1	-0.219	1	-1.86125
COPE	-0.22	1	-1.86979
ACAT1	-0.221	1	-1.87833
PRTFDC1	-0.224	1	-1.90394
CCNB1	-0.225	1	-1.91248
AHR	-0.225	1	-1.91248
FBXL12	-0.226	1	-1.92102
TXN	-0.226	1	-1.92102
RABL2A	-0.226	1	-1.92102
EGLN1	-0.228	1	-1.93809
G3BP2	-0.228	1	-1.93809
PFKM	-0.23	1	-1.95517
METTL7B	-0.23	1	-1.95517
HDAC8	-0.231	1	-1.96371
TKT	-0.232	1	-1.97225
MAT2A	-0.232	1	-1.97225
ESF1	-0.232	1	-1.97225
SEC24A	-0.233	1	-1.98078
SLC1A4	-0.233	1	-1.98078
PSAT1	-0.234	1	-1.98932
NDUFAF3	-0.234	1	-1.98932
SC5DL	-0.235	1	-1.99786
LDLRAP1	-0.235	1	-1.99786
TRMT11	-0.236	1	-2.0064
STEAP3	-0.237	1	-2.01493
MAP4K5	-0.237	1	-2.01493
SF3B14	-0.237	1	-2.01493
SYNJ1	-0.24	1	-2.04055
TRAPPC4	-0.24	1	-2.04055
PSEN1	-0.243	1	-2.06616
STIP1	-0.244	1	-2.0747
EIF4E2	-0.244	1	-2.0747
RNASEH2C	-0.244	1	-2.0747
GTF3C3	-0.246	1	-2.09178
PFKP	-0.247	1	-2.10031
POLR1B	-0.247	1	-2.10031
EDEM3	-0.249	1	-2.11739
GBA	-0.249	1	-2.11739
TPRKB	-0.251	1	-2.13446
WASL	-0.251	1	-2.13446
PKM2	-0.252	1	-2.143
TNRC6A	-0.253	1	-2.15154
ANXA5	-0.254	1	-2.16008
WWOX	-0.254	1	-2.16008
INF2	-0.255	1	-2.16862
GNPDA1	-0.256	1	-2.17715
BBX	-0.256	1	-2.17715
ACAA2	-0.26	1	-2.21131
IDH1	-0.261	1	-2.21984
PDIA3	-0.263	1	-2.23692
IFIT5	-0.265	1	-2.25399
UPRT	-0.265	1	-2.25399
SEC61G	-0.266	1	-2.26253
UBR1	-0.266	1	-2.26253
LRCH3	-0.268	1	-2.27961
WDR11	-0.272	1	-2.31376
DAK	-0.273	1	-2.3223
QRSL1	-0.276	1	-2.34791
APRT	-0.284	1	-2.41621
NDUFAF4	-0.285	1	-2.42475
HADH	-0.287	1	-2.44183
ITPK1	-0.287	1	-2.44183
MLLT11	-0.288	1	-2.45037
TTRAP	-0.289	1	-2.4589
ATP2C1	-0.299	1	-2.54428
WDR8	-0.3	1	-2.55282
UBE4A	-0.303	1	-2.57843
PABPN1	-0.317	1	-2.69796
MUM1	-0.318	1	-2.7065
TRAPPC5	-0.321	1	-2.73211
METT10D	-0.321	1	-2.73211
PALLD	-0.324	1	-2.75773
AGFG2	-0.33	1	-2.80896
VPS13D	-0.331	1	-2.81749
C9ORF125	-0.332	1	-2.82603
ZFYVE21	-0.345	1	-2.93702
TRMT6	-0.359	1	-3.05655
PSMA2	-0.36	1	-3.06509
POLR2J	-0.365	1	-3.10778
PEX1	-0.366	1	-3.11632
GFPT2	-0.367	1	-3.12486
CDK8	-0.38	1	-3.23585
DNAJB5	-0.382	1	-3.25292
PPP2R1B	-0.387	1	-3.29561
DPCD	-0.391	1	-3.32976
KLHL9	-0.393	1	-3.34684
PTPRS	-0.401	1	-3.41514
TPR	-0.405	1	-3.44929
COG7	-0.434	1	-3.69689
ASPH	-0.436	1	-3.71397
SDCBP	-0.437	1	-3.72251
MRPL14	-0.438	1	-3.73104
WDR36	-0.451	1	-3.84204
GLI3	-0.476	1	-4.05548
GTF2H1	-0.534	1	-4.55068
TTC21B	-0.554	1	-4.72144
A8MWD9	-0.571	1	-4.86658
HECA	-0.59	1	-5.0288
HIPK2	-0.6	1	-5.11418
TRPT1	-0.609	1	-5.19102
POLQ	-0.684	1	-5.83136
