name	logFC	P.Value	t
MRPL17	3.235	1	22.3793
AMBRA1	2.912	1	20.1448
MT-CO3	2.83	1	19.5775
ZNF7	2.781	1	19.2386
CHAF1B	2.758	1	19.0794
DTX2	2.652	1	18.3461
REPIN1	2.542	1	17.5852
TARBP1	2.51	1	17.3638
EBP	2.458	1	17.0041
ZNF235	2.355	1	16.2915
TAB2	2.348	1	16.2431
ZNF16	2.233	1	15.4476
ZNF167	2.147	1	14.8526
ZNF860	2.147	1	14.8526
RBM10	2.112	1	14.6105
ZNF223	2.087	1	14.4376
WFS1	2.052	1	14.1954
FOXP2	2.031	1	14.0502
CMTM4	2.02	1	13.9741
EWSR1	2.004	1	13.8634
C1ORF77	1.999	1	13.8288
MLL	1.953	1	13.5106
GATAD2B	1.941	1	13.4276
PEX16	1.883	1	13.0263
NTHL1	1.857	1	12.8465
MYST4	1.855	1	12.8326
ZNF229	1.834	1	12.6873
TMED3	1.818	1	12.5767
MT-ATP6	1.759	1	12.1685
SCD5	1.751	1	12.1132
GTSE1	1.748	1	12.0924
CTH	1.731	1	11.9748
CYBA	1.698	1	11.7465
TRIP6	1.684	1	11.6497
ZNF234	1.644	1	11.373
ZNF660	1.644	1	11.373
STX12	1.634	1	11.3038
ZNF420	1.632	1	11.2899
FLG2	1.588	1	10.9856
THRAP3	1.581	1	10.9371
ZNF571	1.561	1	10.7988
ZNF624	1.514	1	10.4736
ZNF286A	1.514	1	10.4736
PTGES3	1.506	1	10.4183
ATXN2	1.495	1	10.3422
KRT10	1.442	1	9.97555
PRKD1	1.44	1	9.96171
RPS23	1.429	1	9.88561
ZNF35	1.425	1	9.85794
RDH14	1.423	1	9.84411
MUTYH	1.396	1	9.65732
SLTM	1.356	1	9.38061
ZNF430	1.329	1	9.19383
KRT77	1.324	1	9.15924
KRT2	1.312	1	9.07622
KRT19	1.302	1	9.00705
KRT14	1.302	1	9.00705
SIK3	1.3	1	8.99321
ZNF71	1.297	1	8.97246
SCD	1.282	1	8.86869
ZNF117	1.28	1	8.85485
HRNR	1.278	1	8.84102
SBSN	1.254	1	8.67499
TEAD4	1.246	1	8.61965
ZNF184	1.231	1	8.51588
KRT16	1.201	1	8.30834
KRT1	1.199	1	8.29451
PLEKHA5	1.185	1	8.19766
MAT2B	1.174	1	8.12156
RABL4	1.141	1	7.89327
LAGE3	1.135	1	7.85176
TBC1D5	1.121	1	7.75491
ODR4	1.112	1	7.69265
HIST1H4A	1.109	1	7.6719
KRT5	1.091	1	7.54738
ZKSCAN4	1.075	1	7.43669
SNRNP70	1.068	1	7.38827
KIAA0100	1.064	1	7.3606
OTUD4	1.051	1	7.27066
KRT6C	1.051	1	7.27066
PDP2	1.048	1	7.24991
VAPA	1.027	1	7.10464
LIMA1	1.006	1	6.95936
TP53I11	0.984	1	6.80717
AGPAT4	0.979	1	6.77258
TBC1D10B	0.969	1	6.7034
BAT2	0.953	1	6.59271
TP53	0.948	1	6.55813
RPL32	0.945	1	6.53737
KRT9	0.943	1	6.52354
SON	0.94	1	6.50278
DULLARD	0.922	1	6.37826
SUN2	0.917	1	6.34367
USP5	0.899	1	6.21915
RPL37	0.894	1	6.18456
BUB1	0.886	1	6.12922
DYNLRB1	0.886	1	6.12922
MAP4	0.884	1	6.11538
ETV3	0.883	1	6.10847
ZNF195	0.869	1	6.01162
CDKN2AIP	0.86	1	5.94935
CAMLG	0.849	1	5.87326
GSG2	0.845	1	5.84559
SEC61B	0.841	1	5.81792
ZNF76	0.838	1	5.79716
TAZ	0.821	1	5.67956
LUC7L	0.801	1	5.5412
ISCU	0.793	1	5.48586
ZNF3	0.787	1	5.44435
NME4	0.778	1	5.38209
RIOK1	0.775	1	5.36134
MAN1A2	0.765	1	5.29216
TSPO	0.762	1	5.2714
POM121C	0.744	1	5.14688
CCDC59	0.739	1	5.11229
POP1	0.735	1	5.08462
RPL29	0.729	1	5.04312
PRR12	0.726	1	5.02236
SLC22A18	0.721	1	4.98777
CDKN2A	0.717	1	4.9601
LMNB2	0.695	1	4.80791
KBTBD11	0.693	1	4.79407
ACTA2	0.682	1	4.71798
ZNF316	0.681	1	4.71106
SMG7	0.671	1	4.64188
TAB1	0.666	1	4.60729
DUSP11	0.666	1	4.60729
FNDC3B	0.663	1	4.58654
TSGA14	0.662	1	4.57962
ZNF22	0.656	1	4.53811
KIAA0406	0.654	1	4.52428
NGDN	0.653	1	4.51736
CXXC1	0.649	1	4.48969
ABCF1	0.647	1	4.47585
PNKD	0.645	1	4.46202
EFTUD2	0.642	1	4.44126
IRF2BP1	0.621	1	4.29599
TBC1D22B	0.62	1	4.28907
PLEKHA7	0.619	1	4.28215
VRK3	0.619	1	4.28215
FSD1	0.618	1	4.27523
GRAMD1A	0.61	1	4.21989
SEC61A1	0.598	1	4.13688
CDC34	0.597	1	4.12996
MRPS14	0.596	1	4.12304
ZXDC	0.583	1	4.03311
HDDC3	0.579	1	4.00544
ZNF295	0.574	1	3.97085
ADO	0.57	1	3.94318
PCNT	0.569	1	3.93626
ZNF724P	0.56	1	3.874
RPL28	0.56	1	3.874
REEP4	0.553	1	3.82557
KIF23	0.551	1	3.81174
KIF1B	0.548	1	3.79098
NCKIPSD	0.548	1	3.79098
SERBP1	0.545	1	3.77023
SPNS1	0.541	1	3.74256
ZNF598	0.533	1	3.68722
CCDC109B	0.531	1	3.67338
ARHGEF11	0.526	1	3.63879
SRRM2	0.519	1	3.59037
RNF138	0.517	1	3.57653
RPL18A	0.509	1	3.52119
ACTC1	0.509	1	3.52119
SCAMP2	0.508	1	3.51427
TCOF1	0.507	1	3.50735
CYP20A1	0.502	1	3.47276
LSG1	0.494	1	3.41742
CIT	0.493	1	3.4105
GATAD2A	0.489	1	3.38283
ZC3H18	0.484	1	3.34824
PAPD7	0.483	1	3.34132
RBM14	0.483	1	3.34132
TAP1	0.482	1	3.33441
LETMD1	0.482	1	3.33441
PGM1	0.48	1	3.32057
MAZ	0.479	1	3.31365
CDC42	0.477	1	3.29982
ARPC4	0.47	1	3.25139
MAP7D1	0.469	1	3.24447
RPAP1	0.464	1	3.20988
ZNF250	0.463	1	3.20297
CLIC4	0.456	1	3.15454
STYX	0.456	1	3.15454
ZIC3	0.455	1	3.14762
SMEK2	0.445	1	3.07845
ZNF354A	0.442	1	3.05769
RPS5	0.434	1	3.00235
RBMS2	0.433	1	2.99543
DNAJC16	0.43	1	2.97468
LUC7L2	0.43	1	2.97468
COQ6	0.43	1	2.97468
KIF18A	0.429	1	2.96776
MLF2	0.428	1	2.96084
RACGAP1	0.423	1	2.92625
FOXRED2	0.422	1	2.91933
ERCC4	0.42	1	2.9055
SLC25A42	0.42	1	2.9055
FAM120B	0.419	1	2.89858
NUBPL	0.419	1	2.89858
PTPRF	0.414	1	2.86399
ZNF214	0.413	1	2.85707
ABCB8	0.411	1	2.84324
MBOAT7	0.41	1	2.83632
KIAA0892	0.41	1	2.83632
TSC2	0.409	1	2.8294
RPS26	0.407	1	2.81557
MYH9	0.403	1	2.7879
GLTSCR2	0.402	1	2.78098
TAP2	0.402	1	2.78098
RPL19	0.4	1	2.76714
KIAA1012	0.4	1	2.76714
HIST1H3A	0.4	1	2.76714
BIRC6	0.4	1	2.76714
RPS20	0.399	1	2.76022
PRPF4B	0.399	1	2.76022
CLPTM1	0.397	1	2.74639
GTPBP3	0.394	1	2.72563
ATP2C1	0.394	1	2.72563
CYP2S1	0.388	1	2.68413
U2AF1	0.387	1	2.67721
RAB11FIP2	0.385	1	2.66337
JUP	0.382	1	2.64262
RFC3	0.381	1	2.6357
XRCC1	0.379	1	2.62187
GALNT1	0.379	1	2.62187
HERC2	0.378	1	2.61495
ETHE1	0.375	1	2.5942
PSMA1	0.375	1	2.5942
CDC123	0.374	1	2.58728
DUT	0.373	1	2.58036
HTATSF1	0.372	1	2.57344
ORMDL1	0.372	1	2.57344
TH1L	0.371	1	2.56652
NUMB	0.37	1	2.55961
LARP1B	0.369	1	2.55269
MYH10	0.368	1	2.54577
VCPIP1	0.368	1	2.54577
SRRM1	0.368	1	2.54577
GNS	0.365	1	2.52502
MRPL47	0.364	1	2.5181
VIM	0.363	1	2.51118
SUCLG1	0.361	1	2.49735
ZFR	0.361	1	2.49735
MRPL18	0.36	1	2.49043
NOLC1	0.36	1	2.49043
AGPAT1	0.358	1	2.47659
CTNNB1	0.357	1	2.46967
SPTAN1	0.357	1	2.46967
RPL10	0.354	1	2.44892
POLR3E	0.354	1	2.44892
ATL2	0.353	1	2.442
ELMO2	0.352	1	2.43508
HNRNPA1	0.35	1	2.42125
HM13	0.348	1	2.40741
IMP3	0.343	1	2.37282
BRP44L	0.342	1	2.36591
PAN3	0.341	1	2.35899
ADD1	0.34	1	2.35207
MRPS26	0.335	1	2.31748
GPR50	0.334	1	2.31056
ERH	0.334	1	2.31056
TOP3A	0.333	1	2.30365
MON2	0.333	1	2.30365
VPS52	0.333	1	2.30365
HUS1	0.332	1	2.29673
ZBTB24	0.331	1	2.28981
SSR1	0.329	1	2.27597
ATP5C1	0.328	1	2.26906
SARS2	0.327	1	2.26214
MAP3K7	0.323	1	2.23447
NDUFA4	0.323	1	2.23447
C2ORF47	0.321	1	2.22063
ZW10	0.319	1	2.2068
RBM28	0.318	1	2.19988
PRPF40A	0.318	1	2.19988
SAMD1	0.317	1	2.19296
TOP2A	0.317	1	2.19296
FAM57A	0.316	1	2.18604
C20ORF24	0.315	1	2.17912
UTP3	0.314	1	2.17221
POM121	0.313	1	2.16529
LSM12	0.312	1	2.15837
CUL7	0.311	1	2.15145
MTA2	0.311	1	2.15145
CPSF7	0.31	1	2.14453
ADNP	0.304	1	2.10303
PYCR2	0.304	1	2.10303
UTRN	0.303	1	2.09611
GNPAT	0.303	1	2.09611
ATP5A1	0.302	1	2.08919
SEC61A2	0.301	1	2.08227
TRAF3IP2	0.298	1	2.06152
SLC7A1	0.298	1	2.06152
RPL22L1	0.295	1	2.04077
SMG8	0.293	1	2.02693
VCP	0.291	1	2.0131
BCLAF1	0.289	1	1.99926
SLC30A7	0.289	1	1.99926
UBR1	0.287	1	1.98542
MBNL3	0.286	1	1.97851
NUMA1	0.286	1	1.97851
NEFM	0.285	1	1.97159
NCDN	0.285	1	1.97159
GPS1	0.284	1	1.96467
C1ORF124	0.284	1	1.96467
WRN	0.282	1	1.95083
CPVL	0.282	1	1.95083
NOMO1	0.281	1	1.94392
AUP1	0.28	1	1.937
C18ORF55	0.28	1	1.937
SDHA	0.28	1	1.937
RAB22A	0.28	1	1.937
AGPAT2	0.279	1	1.93008
RAB31	0.279	1	1.93008
KRT8	0.277	1	1.91625
NUP37	0.277	1	1.91625
ZNF362	0.276	1	1.90933
GINS1	0.275	1	1.90241
SLC16A1	0.272	1	1.88166
DSG2	0.271	1	1.87474
MRPL27	0.271	1	1.87474
ACTB	0.271	1	1.87474
PHC1	0.269	1	1.8609
SUCLG2	0.269	1	1.8609
RBM12B	0.268	1	1.85398
ATP5H	0.268	1	1.85398
MAP4K4	0.267	1	1.84707
OXA1L	0.266	1	1.84015
DNAJA2	0.263	1	1.8194
MBLAC2	0.262	1	1.81248
MRPS25	0.261	1	1.80556
MPV17	0.261	1	1.80556
PPP1CA	0.26	1	1.79864
GPATCH8	0.26	1	1.79864
TRMT112	0.26	1	1.79864
ORMDL3	0.259	1	1.79172
GSTCD	0.259	1	1.79172
TCF25	0.258	1	1.78481
ANXA5	0.257	1	1.77789
CDC20	0.256	1	1.77097
PKMYT1	0.255	1	1.76405
COX7A2	0.255	1	1.76405
ERBB2IP	0.253	1	1.75022
MBNL1	0.251	1	1.73638
SLC25A46	0.251	1	1.73638
CEP192	0.25	1	1.72946
ZNF143	0.25	1	1.72946
AP2S1	0.25	1	1.72946
CRNKL1	0.25	1	1.72946
DDX20	0.249	1	1.72255
ADAP1	0.248	1	1.71563
POLR2J	0.247	1	1.70871
RP9	0.246	1	1.70179
SFPQ	0.246	1	1.70179
RER1	0.246	1	1.70179
SMG6	0.246	1	1.70179
PDXDC1	0.246	1	1.70179
KIF5C	0.245	1	1.69487
CTSA	0.245	1	1.69487
RSU1	0.245	1	1.69487
DDX51	0.244	1	1.68796
ATP2B4	0.244	1	1.68796
KIF5B	0.243	1	1.68104
RPF1	0.242	1	1.67412
PDHA1	0.241	1	1.6672
RFT1	0.241	1	1.6672
FUS	0.241	1	1.6672
SCMH1	0.24	1	1.66028
KDM2A	0.24	1	1.66028
TMED5	0.239	1	1.65337
SLC25A1	0.238	1	1.64645
POLDIP2	0.238	1	1.64645
MRPL44	0.237	1	1.63953
RAD51L1	0.234	1	1.61878
TMED2	0.233	1	1.61186
MRPS28	0.233	1	1.61186
PAPSS1	0.233	1	1.61186
PPM1G	0.233	1	1.61186
VPS18	0.232	1	1.60494
NOP14	0.232	1	1.60494
AHCY	0.232	1	1.60494
XAB2	0.232	1	1.60494
ECSIT	0.232	1	1.60494
MOXD1	0.231	1	1.59802
RPS25	0.231	1	1.59802
TMUB1	0.229	1	1.58419
TTN	0.228	1	1.57727
STK39	0.228	1	1.57727
SLC30A6	0.228	1	1.57727
MRPL19	0.227	1	1.57035
RFC4	0.227	1	1.57035
SUMO1	0.226	1	1.56343
CAP1	0.226	1	1.56343
DEGS1	0.226	1	1.56343
SNX33	0.225	1	1.55652
ZNF480	0.224	1	1.5496
NIPBL	0.223	1	1.54268
ATM	0.222	1	1.53576
FAM126A	0.222	1	1.53576
RMI2	0.221	1	1.52885
LBR	0.22	1	1.52193
GRPEL2	0.219	1	1.51501
CLCN7	0.218	1	1.50809
PTPLB	0.218	1	1.50809
PIP5K1A	0.218	1	1.50809
TRUB2	0.218	1	1.50809
RHOA	0.217	1	1.50117
PPIL2	0.217	1	1.50117
KIAA1543	0.216	1	1.49426
NUPL1	0.216	1	1.49426
FMNL2	0.216	1	1.49426
ATP5B	0.215	1	1.48734
LRRC1	0.215	1	1.48734
TANC1	0.214	1	1.48042
EXOC8	0.214	1	1.48042
TARSL2	0.213	1	1.4735
PELO	0.213	1	1.4735
THADA	0.212	1	1.46659
KIF3B	0.211	1	1.45967
SH3BP4	0.211	1	1.45967
CSNK1E	0.211	1	1.45967
FBXO22	0.21	1	1.45275
ASNSD1	0.21	1	1.45275
SEC23B	0.209	1	1.44583
GTF3C3	0.209	1	1.44583
NME2	0.208	1	1.43891
RPS29	0.207	1	1.432
RPS12	0.207	1	1.432
WDTC1	0.206	1	1.42508
ZNF629	0.206	1	1.42508
C14ORF102	0.206	1	1.42508
ZKSCAN1	0.204	1	1.41124
OAT	0.204	1	1.41124
YTHDC1	0.203	1	1.40432
MRPL4	0.203	1	1.40432
PEX11B	0.203	1	1.40432
RBM4	0.203	1	1.40432
RBM4B	0.203	1	1.40432
EXOC6	0.203	1	1.40432
DCD	0.202	1	1.39741
CEP55	0.2	1	1.38357
DNAJB1	0.2	1	1.38357
EMD	0.199	1	1.37665
SUN1	0.199	1	1.37665
GGH	0.199	1	1.37665
KDELR1	0.199	1	1.37665
DDX5	0.199	1	1.37665
DEF	0.198	1	1.36974
EIF6	0.197	1	1.36282
MGST1	0.196	1	1.3559
RBMS1	0.196	1	1.3559
FKBP8	0.196	1	1.3559
HNRNPA3	0.195	1	1.34898
SPATA5	0.195	1	1.34898
ECHDC1	0.195	1	1.34898
CS	0.195	1	1.34898
MDN1	0.195	1	1.34898
SATB2	0.194	1	1.34206
SLC7A5	0.194	1	1.34206
ANO10	0.194	1	1.34206
INA	0.192	1	1.32823
OSTC	0.191	1	1.32131
SLC2A1	0.191	1	1.32131
RRP12	0.19	1	1.31439
ABHD11	0.19	1	1.31439
EXD2	0.19	1	1.31439
SLC25A30	0.19	1	1.31439
EIF2AK4	0.188	1	1.30056
NEFL	0.187	1	1.29364
POLR1E	0.187	1	1.29364
PYCR1	0.187	1	1.29364
IDH3G	0.187	1	1.29364
NUDT19	0.186	1	1.28672
CDC7	0.185	1	1.2798
LPCAT1	0.184	1	1.27289
HDDC2	0.184	1	1.27289
PPTC7	0.183	1	1.26597
SMG5	0.183	1	1.26597
HLA-A	0.183	1	1.26597
SMARCAD1	0.182	1	1.25905
TOMM40	0.182	1	1.25905
MFN2	0.182	1	1.25905
GPN1	0.181	1	1.25213
RAB39	0.181	1	1.25213
GSK3B	0.181	1	1.25213
LRCH3	0.181	1	1.25213
IMPACT	0.18	1	1.24521
LEMD3	0.18	1	1.24521
CRAT	0.179	1	1.2383
ZC3H14	0.178	1	1.23138
GPR180	0.178	1	1.23138
NUDT1	0.178	1	1.23138
FUK	0.178	1	1.23138
DYNLL1	0.177	1	1.22446
MTA1	0.177	1	1.22446
SLC12A6	0.177	1	1.22446
ZNF192	0.177	1	1.22446
SLC25A10	0.177	1	1.22446
ERAP1	0.177	1	1.22446
TOP2B	0.176	1	1.21754
TARS2	0.176	1	1.21754
SMYD3	0.176	1	1.21754
A8MWD9	0.176	1	1.21754
ARL6IP5	0.175	1	1.21062
ADCK1	0.174	1	1.20371
ARMC10	0.174	1	1.20371
APPL1	0.174	1	1.20371
C1QBP	0.174	1	1.20371
CWF19L1	0.173	1	1.19679
ECT2	0.173	1	1.19679
TKT	0.173	1	1.19679
DHX8	0.173	1	1.19679
RAB3B	0.172	1	1.18987
HIST1H1C	0.172	1	1.18987
SRP9	0.172	1	1.18987
VDAC1	0.172	1	1.18987
MTCH1	0.172	1	1.18987
USP36	0.171	1	1.18295
HLA-B	0.171	1	1.18295
MSH2	0.171	1	1.18295
MIB2	0.17	1	1.17604
SEC24C	0.17	1	1.17604
DAD1	0.17	1	1.17604
TAF1C	0.17	1	1.17604
MRPS30	0.17	1	1.17604
NME7	0.169	1	1.16912
ARL6IP6	0.169	1	1.16912
RANBP2	0.168	1	1.1622
STT3A	0.168	1	1.1622
CTBP2	0.167	1	1.15528
ITCH	0.167	1	1.15528
LMAN1	0.166	1	1.14836
TRNAU1AP	0.166	1	1.14836
RBBP6	0.166	1	1.14836
OSBPL8	0.166	1	1.14836
PARL	0.166	1	1.14836
HNRNPH2	0.164	1	1.13453
GTF2H2	0.164	1	1.13453
SLC25A20	0.163	1	1.12761
ATAD5	0.162	1	1.12069
ACLY	0.162	1	1.12069
COX15	0.162	1	1.12069
DERL1	0.162	1	1.12069
GLT8D1	0.162	1	1.12069
PLS3	0.161	1	1.11377
TAF2	0.161	1	1.11377
NDNL2	0.16	1	1.10686
FDXR	0.16	1	1.10686
AKAP10	0.16	1	1.10686
INF2	0.16	1	1.10686
SMG1	0.159	1	1.09994
ZNF828	0.159	1	1.09994
NDUFS7	0.158	1	1.09302
MSI2	0.158	1	1.09302
NOSIP	0.158	1	1.09302
ARHGAP8	0.156	1	1.07919
RAB10	0.156	1	1.07919
ESYT1	0.156	1	1.07919
ILF2	0.156	1	1.07919
RAB43	0.156	1	1.07919
GBAS	0.156	1	1.07919
LMF2	0.154	1	1.06535
HPS6	0.154	1	1.06535
NDUFC2	0.153	1	1.05843
GPX1	0.153	1	1.05843
PTPN1	0.153	1	1.05843
RBM6	0.153	1	1.05843
SLC30A9	0.153	1	1.05843
ATP5F1	0.152	1	1.05151
ZWILCH	0.152	1	1.05151
ARL6IP4	0.152	1	1.05151
PTPLAD1	0.152	1	1.05151
HNRNPAB	0.151	1	1.0446
RAB33B	0.151	1	1.0446
KIF2A	0.151	1	1.0446
YTHDF2	0.151	1	1.0446
RCC2	0.151	1	1.0446
NBEA	0.151	1	1.0446
PYCRL	0.15	1	1.03768
RPLP2	0.15	1	1.03768
LAS1L	0.15	1	1.03768
MLLT11	0.15	1	1.03768
ELAVL1	0.149	1	1.03076
MEX3A	0.149	1	1.03076
DDX39	0.149	1	1.03076
PAPSS2	0.149	1	1.03076
ALAS1	0.149	1	1.03076
C19ORF25	0.149	1	1.03076
DNAH5	0.148	1	1.02384
CTSC	0.148	1	1.02384
AHCYL1	0.148	1	1.02384
SRRT	0.147	1	1.01692
UTP15	0.147	1	1.01692
CCBL2	0.147	1	1.01692
MFSD10	0.147	1	1.01692
DDX18	0.147	1	1.01692
ABR	0.147	1	1.01692
MT-ND4	0.146	1	1.01001
GTF2H3	0.146	1	1.01001
TMEM70	0.146	1	1.01001
ZNF326	0.146	1	1.01001
CRTC2	0.146	1	1.01001
YTHDC2	0.146	1	1.01001
FMNL3	0.146	1	1.01001
CDC42BPA	0.145	1	1.00309
METT11D1	0.145	1	1.00309
ANKRD17	0.145	1	1.00309
MSH6	0.145	1	1.00309
DSP	0.143	1	0.989253
FTSJ2	0.143	1	0.989253
PPIB	0.143	1	0.989253
ZC3H11A	0.142	1	0.982335
MAGT1	0.142	1	0.982335
STK11IP	0.142	1	0.982335
DHRS7B	0.142	1	0.982335
HP1BP3	0.141	1	0.975417
SPATA5L1	0.141	1	0.975417
SEC16A	0.14	1	0.9685
DHTKD1	0.14	1	0.9685
PARK7	0.14	1	0.9685
SCML2	0.139	1	0.961582
MAP2K7	0.139	1	0.961582
WDR6	0.139	1	0.961582
RAB1B	0.139	1	0.961582
PPP1CB	0.139	1	0.961582
ATAD3B	0.139	1	0.961582
DAZAP1	0.139	1	0.961582
CBX3	0.139	1	0.961582
GET4	0.139	1	0.961582
AGAP3	0.138	1	0.954664
ELOVL1	0.138	1	0.954664
U2AF2	0.137	1	0.947746
RAB35	0.136	1	0.940828
TPP1	0.136	1	0.940828
THOC3	0.136	1	0.940828
ZNF121	0.136	1	0.940828
TRIP12	0.136	1	0.940828
ATP6V0D1	0.135	1	0.93391
ZBTB10	0.134	1	0.926992
GLRX3	0.134	1	0.926992
DRG1	0.134	1	0.926992
SCO2	0.134	1	0.926992
TOMM40L	0.133	1	0.920075
ALDH6A1	0.133	1	0.920075
DMXL2	0.133	1	0.920075
DPY19L1	0.132	1	0.913157
MTHFD1L	0.132	1	0.913157
FLOT2	0.132	1	0.913157
CDS2	0.131	1	0.906239
HEATR3	0.131	1	0.906239
SDHB	0.131	1	0.906239
PRPF6	0.13	1	0.899321
RAB8B	0.13	1	0.899321
SPATA2	0.13	1	0.899321
ARPC3	0.13	1	0.899321
CHTF18	0.13	1	0.899321
CNOT1	0.13	1	0.899321
PGAM5	0.129	1	0.892403
TECR	0.129	1	0.892403
NUSAP1	0.129	1	0.892403
RRP7A	0.129	1	0.892403
TUBE1	0.129	1	0.892403
APTX	0.129	1	0.892403
MED18	0.129	1	0.892403
POLR2H	0.129	1	0.892403
TOR1AIP2	0.128	1	0.885485
RAB8A	0.128	1	0.885485
ZZEF1	0.128	1	0.885485
DCLK1	0.128	1	0.885485
EXOC4	0.127	1	0.878567
GXYLT1	0.127	1	0.878567
LATS1	0.127	1	0.878567
BCKDHA	0.127	1	0.878567
CTBP1	0.126	1	0.87165
RAB12	0.126	1	0.87165
PGRMC1	0.126	1	0.87165
DDX17	0.126	1	0.87165
CIZ1	0.126	1	0.87165
MRPS15	0.126	1	0.87165
BAZ1B	0.126	1	0.87165
CSNK2B	0.125	1	0.864732
ACOT9	0.125	1	0.864732
BCR	0.125	1	0.864732
KDM3B	0.125	1	0.864732
UTP18	0.125	1	0.864732
MAPK3	0.125	1	0.864732
TAF5	0.124	1	0.857814
IRS4	0.124	1	0.857814
VRK1	0.124	1	0.857814
LGMN	0.124	1	0.857814
TIMM50	0.124	1	0.857814
HNRNPC	0.123	1	0.850896
C10ORF76	0.123	1	0.850896
PHF3	0.123	1	0.850896
ZNF24	0.123	1	0.850896
METTL13	0.123	1	0.850896
RPLP1	0.123	1	0.850896
RTN3	0.122	1	0.843978
AK3L1	0.122	1	0.843978
NEK7	0.122	1	0.843978
CLPP	0.122	1	0.843978
TOMM7	0.121	1	0.83706
RPS27A	0.12	1	0.830142
NUP155	0.12	1	0.830142
TMEM85	0.12	1	0.830142
KHDRBS1	0.119	1	0.823225
L3MBTL3	0.119	1	0.823225
HARS2	0.118	1	0.816307
PHLDA3	0.118	1	0.816307
MED20	0.118	1	0.816307
VPS4B	0.118	1	0.816307
UBAC2	0.118	1	0.816307
UBE2E1	0.117	1	0.809389
RPS19	0.117	1	0.809389
MRPS6	0.117	1	0.809389
MTCH2	0.117	1	0.809389
CTR9	0.117	1	0.809389
C4ORF14	0.117	1	0.809389
DHX16	0.117	1	0.809389
RPS6	0.116	1	0.802471
NSUN4	0.116	1	0.802471
RAB9A	0.116	1	0.802471
RNASEH2A	0.116	1	0.802471
CDK5RAP1	0.116	1	0.802471
PARD3	0.115	1	0.795553
PDF	0.115	1	0.795553
EI24	0.115	1	0.795553
RAB13	0.115	1	0.795553
DDX21	0.114	1	0.788635
C10ORF119	0.114	1	0.788635
SHMT2	0.114	1	0.788635
SNTA1	0.114	1	0.788635
CHMP2B	0.113	1	0.781717
ASCC3	0.113	1	0.781717
SETD1A	0.112	1	0.7748
GRWD1	0.112	1	0.7748
CELF1	0.112	1	0.7748
FASTKD5	0.112	1	0.7748
NOB1	0.112	1	0.7748
MCM7	0.112	1	0.7748
PREP	0.112	1	0.7748
DPCD	0.111	1	0.767882
ACSF3	0.111	1	0.767882
CENPM	0.111	1	0.767882
HMBS	0.111	1	0.767882
LCLAT1	0.11	1	0.760964
MUT	0.11	1	0.760964
COMMD2	0.11	1	0.760964
CPSF6	0.11	1	0.760964
KIN	0.11	1	0.760964
ENOPH1	0.11	1	0.760964
EDC3	0.109	1	0.754046
RHOG	0.109	1	0.754046
DDX31	0.109	1	0.754046
CTDP1	0.109	1	0.754046
PSMD1	0.109	1	0.754046
FYTTD1	0.108	1	0.747128
NOP16	0.108	1	0.747128
MEN1	0.108	1	0.747128
PCNA	0.108	1	0.747128
WWP2	0.108	1	0.747128
FUBP3	0.107	1	0.74021
PIGU	0.107	1	0.74021
ACAD9	0.107	1	0.74021
REXO4	0.106	1	0.733293
ZNF703	0.106	1	0.733293
PSMC4	0.106	1	0.733293
TIGAR	0.106	1	0.733293
NDUFA13	0.106	1	0.733293
ZNF503	0.106	1	0.733293
HAX1	0.105	1	0.726375
SF3B1	0.105	1	0.726375
SDAD1	0.105	1	0.726375
SLC25A21	0.105	1	0.726375
PRPSAP2	0.105	1	0.726375
NUDT21	0.105	1	0.726375
FANCG	0.105	1	0.726375
PDS5A	0.105	1	0.726375
ZNF148	0.105	1	0.726375
DHCR24	0.104	1	0.719457
VDAC2	0.104	1	0.719457
EIF2B3	0.104	1	0.719457
LENG8	0.104	1	0.719457
MCM6	0.104	1	0.719457
PFN1	0.103	1	0.712539
TAOK2	0.103	1	0.712539
ACADM	0.102	1	0.705621
PSMD2	0.102	1	0.705621
RANBP1	0.102	1	0.705621
PUM2	0.102	1	0.705621
BTAF1	0.102	1	0.705621
PCCA	0.102	1	0.705621
TYMS	0.102	1	0.705621
EDC4	0.101	1	0.698703
KIF3A	0.101	1	0.698703
MORC2	0.101	1	0.698703
RBM45	0.101	1	0.698703
TAF6	0.101	1	0.698703
ABCF3	0.101	1	0.698703
ZMYND8	0.101	1	0.698703
YIPF5	0.1	1	0.691785
YY1	0.1	1	0.691785
CLPB	0.1	1	0.691785
SIN3A	0.1	1	0.691785
PTCD3	0.1	1	0.691785
SEC11A	0.1	1	0.691785
RAB1A	0.1	1	0.691785
PSMC1	0.1	1	0.691785
C16ORF62	0.1	1	0.691785
CABC1	0.1	1	0.691785
SMAD3	0.1	1	0.691785
NSF	0.099	1	0.684868
TTC37	0.099	1	0.684868
KRT18	0.098	1	0.67795
EFHD1	0.098	1	0.67795
PIPSL	0.098	1	0.67795
IMMT	0.098	1	0.67795
RPS27	0.097	1	0.671032
SLC37A4	0.097	1	0.671032
RPS27L	0.097	1	0.671032
TACO1	0.097	1	0.671032
POLG	0.097	1	0.671032
DNA2	0.097	1	0.671032
RPL26	0.096	1	0.664114
MEMO1	0.096	1	0.664114
HNRNPA2B1	0.096	1	0.664114
LRPPRC	0.096	1	0.664114
MCM3	0.096	1	0.664114
SQLE	0.096	1	0.664114
HIBCH	0.095	1	0.657196
AKAP8	0.095	1	0.657196
SCPEP1	0.095	1	0.657196
CPNE3	0.095	1	0.657196
ATP2B1	0.095	1	0.657196
ADD2	0.095	1	0.657196
RPL36A	0.094	1	0.650278
INTS2	0.094	1	0.650278
METT5D1	0.094	1	0.650278
NDUFS3	0.094	1	0.650278
GTF3C1	0.093	1	0.64336
MCM5	0.093	1	0.64336
XPO4	0.093	1	0.64336
PARP2	0.093	1	0.64336
HNRNPU	0.092	1	0.636443
KDM1A	0.092	1	0.636443
NUP93	0.092	1	0.636443
ZNF687	0.092	1	0.636443
MPG	0.092	1	0.636443
PPP5C	0.091	1	0.629525
ABHD14B	0.091	1	0.629525
ECHS1	0.091	1	0.629525
WRB	0.091	1	0.629525
COX4NB	0.091	1	0.629525
DHX30	0.091	1	0.629525
ERCC2	0.091	1	0.629525
PHF6	0.09	1	0.622607
DHCR7	0.09	1	0.622607
CTSB	0.09	1	0.622607
MYL12B	0.09	1	0.622607
CHD8	0.09	1	0.622607
NR2F1	0.09	1	0.622607
NUP85	0.09	1	0.622607
MRPS9	0.09	1	0.622607
KCMF1	0.09	1	0.622607
MRPL11	0.089	1	0.615689
FARP1	0.089	1	0.615689
IMPDH2	0.089	1	0.615689
TMEM48	0.089	1	0.615689
DDX50	0.088	1	0.608771
RGPD3	0.088	1	0.608771
EIF2S2	0.087	1	0.601853
RPL37A	0.087	1	0.601853
NONO	0.087	1	0.601853
APOBEC3C	0.087	1	0.601853
TMEM97	0.087	1	0.601853
RAB18	0.087	1	0.601853
RPL31	0.086	1	0.594935
GOSR2	0.086	1	0.594935
TMEM33	0.086	1	0.594935
AK3	0.086	1	0.594935
ERCC1	0.086	1	0.594935
WDR3	0.086	1	0.594935
GEMIN4	0.085	1	0.588018
DMD	0.085	1	0.588018
VRK2	0.085	1	0.588018
RRM2B	0.085	1	0.588018
TEX264	0.085	1	0.588018
ERI1	0.085	1	0.588018
TRRAP	0.084	1	0.5811
NCBP1	0.084	1	0.5811
NAT10	0.084	1	0.5811
PLK1	0.084	1	0.5811
NRM	0.084	1	0.5811
SMC3	0.084	1	0.5811
HNRNPL	0.084	1	0.5811
UHRF1	0.083	1	0.574182
FOXK1	0.083	1	0.574182
TM9SF3	0.083	1	0.574182
HNRNPF	0.083	1	0.574182
SEC22B	0.083	1	0.574182
UAP1L1	0.083	1	0.574182
TIMM23	0.082	1	0.567264
C17ORF62	0.082	1	0.567264
TRIM33	0.082	1	0.567264
GNA13	0.082	1	0.567264
KDELC2	0.082	1	0.567264
NHP2L1	0.081	1	0.560346
ROD1	0.081	1	0.560346
SPTLC1	0.081	1	0.560346
SPEN	0.081	1	0.560346
RG9MTD1	0.081	1	0.560346
ABCC1	0.08	1	0.553428
RIC8A	0.08	1	0.553428
SUCLA2	0.08	1	0.553428
FRYL	0.08	1	0.553428
RMND1	0.08	1	0.553428
HNRPLL	0.079	1	0.54651
TARDBP	0.079	1	0.54651
JAGN1	0.079	1	0.54651
FAR1	0.079	1	0.54651
PRPF38B	0.079	1	0.54651
LIN54	0.078	1	0.539593
PDHX	0.078	1	0.539593
PRIM1	0.078	1	0.539593
ATG7	0.078	1	0.539593
PRIM2	0.078	1	0.539593
DOCK9	0.077	1	0.532675
CARS	0.077	1	0.532675
RFK	0.077	1	0.532675
FXR1	0.077	1	0.532675
RBM39	0.077	1	0.532675
EIF4A3	0.077	1	0.532675
VDAC3	0.077	1	0.532675
ILK	0.077	1	0.532675
STXBP2	0.077	1	0.532675
PIGK	0.077	1	0.532675
SLC1A5	0.077	1	0.532675
WLS	0.076	1	0.525757
DOCK7	0.076	1	0.525757
MEPCE	0.076	1	0.525757
PPP1CC	0.076	1	0.525757
STIP1	0.076	1	0.525757
SURF6	0.075	1	0.518839
RPL26L1	0.075	1	0.518839
C21ORF57	0.075	1	0.518839
MPP2	0.075	1	0.518839
KPNA1	0.075	1	0.518839
RAB3GAP1	0.075	1	0.518839
MSH3	0.075	1	0.518839
TOE1	0.075	1	0.518839
SCAMP3	0.075	1	0.518839
BAT1	0.074	1	0.511921
TMEM126B	0.074	1	0.511921
ARHGAP17	0.074	1	0.511921
IWS1	0.074	1	0.511921
EARS2	0.074	1	0.511921
SEC61G	0.074	1	0.511921
PDIA6	0.074	1	0.511921
TMEM165	0.074	1	0.511921
POLR2L	0.074	1	0.511921
PSMB5	0.073	1	0.505003
ALG6	0.073	1	0.505003
DHX9	0.073	1	0.505003
MED23	0.073	1	0.505003
RFC1	0.073	1	0.505003
GLT25D1	0.073	1	0.505003
NDRG1	0.073	1	0.505003
ADI1	0.073	1	0.505003
NXF1	0.073	1	0.505003
GMPPB	0.073	1	0.505003
SPAST	0.073	1	0.505003
SNRPB	0.072	1	0.498085
GTPBP4	0.072	1	0.498085
ICMT	0.072	1	0.498085
GAPVD1	0.072	1	0.498085
SRR	0.072	1	0.498085
AP3B1	0.072	1	0.498085
KPNB1	0.072	1	0.498085
PSME3	0.072	1	0.498085
AGPS	0.072	1	0.498085
CDKAL1	0.072	1	0.498085
TRPT1	0.072	1	0.498085
IMP4	0.071	1	0.491168
MAD2L1BP	0.071	1	0.491168
MAPK9	0.071	1	0.491168
TOR1AIP1	0.071	1	0.491168
KIAA1524	0.071	1	0.491168
KIF1C	0.071	1	0.491168
RPP14	0.071	1	0.491168
YME1L1	0.071	1	0.491168
LRRC14	0.071	1	0.491168
STAT3	0.071	1	0.491168
RPRD2	0.071	1	0.491168
MT-CO2	0.071	1	0.491168
PCBP1	0.07	1	0.48425
TUFM	0.07	1	0.48425
TTF2	0.07	1	0.48425
CTPS	0.07	1	0.48425
ABT1	0.07	1	0.48425
TBX3	0.07	1	0.48425
NARS2	0.069	1	0.477332
NRAS	0.069	1	0.477332
SLC25A5	0.069	1	0.477332
PSMC6	0.069	1	0.477332
MRPS21	0.069	1	0.477332
CDC37	0.069	1	0.477332
PC	0.069	1	0.477332
TUBGCP3	0.069	1	0.477332
FAM108B1	0.069	1	0.477332
SPC24	0.068	1	0.470414
TYW3	0.068	1	0.470414
TTC13	0.068	1	0.470414
MSI1	0.068	1	0.470414
KHSRP	0.068	1	0.470414
KPNA6	0.068	1	0.470414
ESYT2	0.067	1	0.463496
SMARCA4	0.067	1	0.463496
RSAD1	0.066	1	0.456578
CRKL	0.066	1	0.456578
LARP1	0.066	1	0.456578
NOP56	0.066	1	0.456578
NUP98	0.066	1	0.456578
SURF4	0.066	1	0.456578
RPS13	0.066	1	0.456578
MCM2	0.066	1	0.456578
TMPO	0.065	1	0.449661
CSTB	0.065	1	0.449661
URB1	0.065	1	0.449661
HMGCL	0.065	1	0.449661
MRPL3	0.065	1	0.449661
TBL2	0.065	1	0.449661
DHX36	0.065	1	0.449661
ATAD3A	0.065	1	0.449661
PPT1	0.065	1	0.449661
TNPO3	0.064	1	0.442743
MARK3	0.064	1	0.442743
NFS1	0.064	1	0.442743
TFIP11	0.064	1	0.442743
ERGIC2	0.064	1	0.442743
WAPAL	0.064	1	0.442743
ERLIN2	0.064	1	0.442743
GMDS	0.064	1	0.442743
OLA1	0.063	1	0.435825
RPS4X	0.063	1	0.435825
YIF1A	0.063	1	0.435825
DSTN	0.063	1	0.435825
POLR1C	0.063	1	0.435825
SFRS3	0.063	1	0.435825
RDH13	0.063	1	0.435825
UBA2	0.063	1	0.435825
NDUFS1	0.063	1	0.435825
SAP18	0.062	1	0.428907
INTS8	0.062	1	0.428907
BCKDHB	0.062	1	0.428907
PHB2	0.062	1	0.428907
LASS1	0.062	1	0.428907
TM7SF2	0.062	1	0.428907
MARK1	0.061	1	0.421989
SMC1A	0.061	1	0.421989
AGPAT5	0.061	1	0.421989
IP6K1	0.061	1	0.421989
NR2F2	0.061	1	0.421989
NUDT16	0.061	1	0.421989
EIF2B2	0.061	1	0.421989
PRKCD	0.06	1	0.415071
SLC25A6	0.06	1	0.415071
PIGA	0.06	1	0.415071
MRPL45	0.06	1	0.415071
STK4	0.06	1	0.415071
PNO1	0.059	1	0.408153
APOOL	0.059	1	0.408153
POLR2C	0.059	1	0.408153
ALG5	0.059	1	0.408153
CECR5	0.059	1	0.408153
GTPBP6	0.059	1	0.408153
ATG3	0.059	1	0.408153
LDHB	0.058	1	0.401236
HSD17B10	0.058	1	0.401236
NUP205	0.058	1	0.401236
RAP1A	0.058	1	0.401236
WDR75	0.058	1	0.401236
CNOT6	0.058	1	0.401236
NUP133	0.058	1	0.401236
C15ORF61	0.057	1	0.394318
PAICS	0.057	1	0.394318
NOC2L	0.057	1	0.394318
TCERG1	0.057	1	0.394318
LMNA	0.057	1	0.394318
EPB41L5	0.057	1	0.394318
ABCC4	0.057	1	0.394318
MAD2L1	0.057	1	0.394318
RBM15	0.056	1	0.3874
LYN	0.056	1	0.3874
MPDU1	0.056	1	0.3874
AARSD1	0.056	1	0.3874
PCID2	0.056	1	0.3874
ITPR2	0.056	1	0.3874
PRKDC	0.056	1	0.3874
HSD17B12	0.056	1	0.3874
HSDL2	0.056	1	0.3874
ALG1	0.056	1	0.3874
LIPA	0.056	1	0.3874
PTRH2	0.056	1	0.3874
MRTO4	0.055	1	0.380482
TMEM11	0.055	1	0.380482
BYSL	0.055	1	0.380482
RRM2	0.055	1	0.380482
ORC2L	0.055	1	0.380482
MRPL16	0.055	1	0.380482
ATP6V1A	0.055	1	0.380482
CANX	0.055	1	0.380482
GLB1	0.055	1	0.380482
DDX3X	0.054	1	0.373564
EIF5	0.054	1	0.373564
SFRS9	0.054	1	0.373564
EDEM3	0.054	1	0.373564
RBM25	0.054	1	0.373564
NCAPH	0.054	1	0.373564
DOCK5	0.054	1	0.373564
ATP6AP2	0.054	1	0.373564
GNPDA1	0.054	1	0.373564
SLC25A3	0.053	1	0.366646
ATP2A2	0.053	1	0.366646
ATP1A1	0.053	1	0.366646
GNL2	0.053	1	0.366646
STXBP3	0.053	1	0.366646
ATP1A2	0.052	1	0.359728
COG4	0.052	1	0.359728
SLC25A13	0.052	1	0.359728
RAB24	0.052	1	0.359728
RAD9A	0.052	1	0.359728
SMCR7L	0.051	1	0.352811
SLC25A24	0.051	1	0.352811
SLC25A4	0.051	1	0.352811
GLYR1	0.051	1	0.352811
NR2F6	0.051	1	0.352811
ABCB10	0.051	1	0.352811
CTSD	0.051	1	0.352811
VPRBP	0.051	1	0.352811
RAP2B	0.05	1	0.345893
RAB11B	0.05	1	0.345893
FHOD1	0.05	1	0.345893
PDS5B	0.049	1	0.338975
TRIM28	0.049	1	0.338975
AHCTF1	0.049	1	0.338975
COBRA1	0.049	1	0.338975
OSBP	0.049	1	0.338975
SLC35E1	0.048	1	0.332057
RB1	0.048	1	0.332057
RAB5B	0.048	1	0.332057
SMCHD1	0.048	1	0.332057
SAV1	0.048	1	0.332057
MED1	0.048	1	0.332057
VARS2	0.048	1	0.332057
UQCRFS1	0.048	1	0.332057
CDK8	0.048	1	0.332057
RPL15	0.047	1	0.325139
AGPAT3	0.047	1	0.325139
MDC1	0.047	1	0.325139
MRPL39	0.047	1	0.325139
SF3B14	0.047	1	0.325139
RPL35A	0.046	1	0.318221
TTC27	0.046	1	0.318221
ZMYM4	0.046	1	0.318221
PBRM1	0.046	1	0.318221
GEMIN5	0.046	1	0.318221
FAIM	0.046	1	0.318221
NUP35	0.046	1	0.318221
CBX4	0.045	1	0.311303
DVL1	0.045	1	0.311303
WDR1	0.045	1	0.311303
EXOC2	0.045	1	0.311303
AMZ2	0.045	1	0.311303
SLC25A22	0.044	1	0.304386
TSN	0.044	1	0.304386
FMR1	0.044	1	0.304386
MATR3	0.044	1	0.304386
RNF123	0.044	1	0.304386
SKIV2L2	0.044	1	0.304386
MRPS2	0.044	1	0.304386
LRBA	0.044	1	0.304386
DPM1	0.044	1	0.304386
TMED4	0.044	1	0.304386
RAB38	0.044	1	0.304386
SBDS	0.043	1	0.297468
HNRNPH3	0.043	1	0.297468
RRP8	0.043	1	0.297468
VPS26A	0.043	1	0.297468
RPL11	0.043	1	0.297468
AKT2	0.043	1	0.297468
KIF18B	0.043	1	0.297468
NOM1	0.042	1	0.29055
SPG20	0.042	1	0.29055
SPCS2	0.042	1	0.29055
RPUSD3	0.042	1	0.29055
ERCC6L	0.042	1	0.29055
MED16	0.042	1	0.29055
NDUFA10	0.042	1	0.29055
CDK18	0.042	1	0.29055
TAF1	0.041	1	0.283632
TMEM209	0.041	1	0.283632
URB2	0.041	1	0.283632
CSE1L	0.041	1	0.283632
MCCC2	0.041	1	0.283632
NCAPG2	0.041	1	0.283632
PAPOLA	0.041	1	0.283632
PPP2R1B	0.041	1	0.283632
GTPBP2	0.04	1	0.276714
LMNB1	0.04	1	0.276714
HNRNPD	0.04	1	0.276714
USO1	0.04	1	0.276714
KIF11	0.04	1	0.276714
RAB3D	0.04	1	0.276714
HECTD3	0.04	1	0.276714
NDUFB4	0.04	1	0.276714
POGZ	0.039	1	0.269796
TAF9B	0.038	1	0.262878
SENP3	0.038	1	0.262878
RFC2	0.038	1	0.262878
POLR2A	0.038	1	0.262878
RNASEN	0.038	1	0.262878
RPL10A	0.037	1	0.255961
AUTS2	0.037	1	0.255961
ATG9A	0.037	1	0.255961
TMEM126A	0.037	1	0.255961
NKRF	0.037	1	0.255961
RPS18	0.037	1	0.255961
UTP6	0.037	1	0.255961
ZNF277	0.037	1	0.255961
G3BP1	0.037	1	0.255961
IPO4	0.037	1	0.255961
PSMD6	0.037	1	0.255961
GAA	0.037	1	0.255961
HIST1H2BK	0.036	1	0.249043
ARL1	0.036	1	0.249043
CAPZB	0.036	1	0.249043
INTS1	0.036	1	0.249043
DEK	0.036	1	0.249043
HSDL1	0.036	1	0.249043
AARS2	0.036	1	0.249043
GRHPR	0.035	1	0.242125
RUVBL2	0.035	1	0.242125
METAP2	0.035	1	0.242125
RHBDD2	0.035	1	0.242125
ETFA	0.035	1	0.242125
ACOX3	0.035	1	0.242125
ANKLE2	0.034	1	0.235207
SCAMP1	0.034	1	0.235207
PUM1	0.034	1	0.235207
NBN	0.034	1	0.235207
SAMM50	0.034	1	0.235207
TGFBRAP1	0.034	1	0.235207
TYK2	0.033	1	0.228289
ATP13A1	0.033	1	0.228289
QKI	0.033	1	0.228289
CDK11B	0.033	1	0.228289
NEDD4L	0.033	1	0.228289
FFR	0.033	1	0.228289
RRP1B	0.032	1	0.221371
FOXP4	0.032	1	0.221371
WBSCR16	0.032	1	0.221371
NCLN	0.032	1	0.221371
ALDH7A1	0.032	1	0.221371
MSTO1	0.032	1	0.221371
GAPDH	0.032	1	0.221371
NSUN6	0.032	1	0.221371
PRKAA1	0.032	1	0.221371
ZNF146	0.031	1	0.214453
SFRS14	0.031	1	0.214453
C8ORF55	0.031	1	0.214453
PGM2	0.031	1	0.214453
PSMB2	0.031	1	0.214453
BLM	0.031	1	0.214453
MRE11A	0.031	1	0.214453
ARCN1	0.031	1	0.214453
GNAS	0.031	1	0.214453
MAPK1	0.031	1	0.214453
AAAS	0.031	1	0.214453
AK1	0.031	1	0.214453
NOL9	0.031	1	0.214453
SGK3	0.03	1	0.207536
PARS2	0.03	1	0.207536
JAK1	0.03	1	0.207536
NPM1	0.03	1	0.207536
ALDH9A1	0.03	1	0.207536
DNAJA3	0.03	1	0.207536
BCOR	0.03	1	0.207536
SRBD1	0.03	1	0.207536
TRAM1	0.029	1	0.200618
STUB1	0.029	1	0.200618
ANKHD1	0.029	1	0.200618
TOP1	0.029	1	0.200618
ARL8B	0.029	1	0.200618
HNRNPK	0.029	1	0.200618
DALRD3	0.028	1	0.1937
RPL7L1	0.028	1	0.1937
SNTB2	0.028	1	0.1937
PLEKHA1	0.028	1	0.1937
AURKAIP1	0.028	1	0.1937
MRPL13	0.028	1	0.1937
ALKBH4	0.028	1	0.1937
OSGEP	0.027	1	0.186782
HSP90B1	0.027	1	0.186782
PRKAG1	0.027	1	0.186782
FH	0.027	1	0.186782
TRAP1	0.027	1	0.186782
MCM4	0.027	1	0.186782
MTO1	0.027	1	0.186782
SMC5	0.026	1	0.179864
RPL4	0.026	1	0.179864
TTC28	0.026	1	0.179864
TAF9	0.026	1	0.179864
INTS5	0.026	1	0.179864
HAUS5	0.026	1	0.179864
PIGT	0.026	1	0.179864
HSD17B7	0.026	1	0.179864
IFRD2	0.026	1	0.179864
PGM3	0.025	1	0.172946
STAG2	0.025	1	0.172946
OGT	0.025	1	0.172946
LRWD1	0.025	1	0.172946
PEF1	0.025	1	0.172946
PDK1	0.025	1	0.172946
PGP	0.024	1	0.166028
PPP6C	0.024	1	0.166028
RPS10	0.024	1	0.166028
NOL10	0.024	1	0.166028
RPL5	0.024	1	0.166028
CCDC109A	0.024	1	0.166028
PSMD13	0.024	1	0.166028
FAM98B	0.024	1	0.166028
NUP54	0.024	1	0.166028
PALLD	0.024	1	0.166028
PCCB	0.023	1	0.159111
CLPTM1L	0.023	1	0.159111
UBR3	0.023	1	0.159111
COX6C	0.023	1	0.159111
ABCB7	0.023	1	0.159111
CCT8	0.023	1	0.159111
COQ5	0.023	1	0.159111
NSUN2	0.023	1	0.159111
RPN1	0.023	1	0.159111
RRM1	0.023	1	0.159111
PTPRS	0.023	1	0.159111
KIAA0391	0.022	1	0.152193
SMC6	0.022	1	0.152193
CSTF1	0.022	1	0.152193
SETX	0.022	1	0.152193
GSTK1	0.022	1	0.152193
RAB14	0.022	1	0.152193
PHB	0.022	1	0.152193
FIBP	0.022	1	0.152193
NUP210	0.021	1	0.145275
UPF2	0.021	1	0.145275
AIFM1	0.021	1	0.145275
FANCI	0.021	1	0.145275
FLYWCH1	0.021	1	0.145275
IARS2	0.021	1	0.145275
CPSF2	0.021	1	0.145275
PEX10	0.02	1	0.138357
MKI67	0.02	1	0.138357
PRKAR2A	0.02	1	0.138357
ATPAF1	0.02	1	0.138357
CAPZA1	0.02	1	0.138357
ADRM1	0.02	1	0.138357
WDR82	0.02	1	0.138357
MRPS5	0.02	1	0.138357
MACROD1	0.02	1	0.138357
CSNK1A1	0.02	1	0.138357
STK19	0.02	1	0.138357
MED14	0.02	1	0.138357
GLDC	0.019	1	0.131439
PLCG1	0.019	1	0.131439
VPS54	0.019	1	0.131439
DDX19B	0.019	1	0.131439
AQR	0.019	1	0.131439
RANGAP1	0.019	1	0.131439
SLC25A11	0.019	1	0.131439
PIK3R4	0.019	1	0.131439
MTP18	0.019	1	0.131439
SLC38A2	0.019	1	0.131439
YWHAB	0.018	1	0.124521
LYPLA1	0.018	1	0.124521
MYBBP1A	0.018	1	0.124521
COMT	0.018	1	0.124521
PCBP2	0.018	1	0.124521
IDH3A	0.018	1	0.124521
TBC1D15	0.018	1	0.124521
USP39	0.018	1	0.124521
OTUB1	0.018	1	0.124521
ZNF768	0.018	1	0.124521
VPS29	0.018	1	0.124521
PHLDB2	0.017	1	0.117604
RPL14	0.017	1	0.117604
EEF1G	0.017	1	0.117604
STOML2	0.017	1	0.117604
RBM33	0.017	1	0.117604
EXO1	0.017	1	0.117604
L2HGDH	0.017	1	0.117604
KPNA5	0.017	1	0.117604
FOXRED1	0.017	1	0.117604
MRPL53	0.017	1	0.117604
CWC22	0.016	1	0.110686
TIAL1	0.016	1	0.110686
RPL34	0.016	1	0.110686
CTTN	0.016	1	0.110686
HEATR1	0.016	1	0.110686
ETFB	0.016	1	0.110686
BDH1	0.016	1	0.110686
TSNAX	0.016	1	0.110686
PMM2	0.015	1	0.103768
INPPL1	0.015	1	0.103768
PHKA1	0.015	1	0.103768
AP3D1	0.015	1	0.103768
NSUN3	0.015	1	0.103768
ARL10	0.015	1	0.103768
RHOT2	0.015	1	0.103768
CAPN1	0.014	1	0.09685
TRMT1	0.014	1	0.09685
ACTL6A	0.014	1	0.09685
GSE1	0.014	1	0.09685
HELLS	0.013	1	0.0899321
UBE2N	0.013	1	0.0899321
LARS2	0.013	1	0.0899321
TMEM111	0.013	1	0.0899321
UBR5	0.013	1	0.0899321
IDH3B	0.013	1	0.0899321
KIFC1	0.012	1	0.0830142
NOC3L	0.012	1	0.0830142
VCL	0.012	1	0.0830142
SHPK	0.012	1	0.0830142
ARMCX3	0.012	1	0.0830142
RPS2	0.012	1	0.0830142
WDR26	0.012	1	0.0830142
42249	0.012	1	0.0830142
EPPK1	0.012	1	0.0830142
C22ORF28	0.012	1	0.0830142
CAPZA2	0.012	1	0.0830142
PLOD1	0.012	1	0.0830142
RPL7A	0.011	1	0.0760964
HIC2	0.011	1	0.0760964
HSPA1A	0.011	1	0.0760964
TOPBP1	0.011	1	0.0760964
FECH	0.011	1	0.0760964
AIMP1	0.011	1	0.0760964
CHD4	0.011	1	0.0760964
SNX2	0.011	1	0.0760964
SOAT1	0.011	1	0.0760964
SNRPD3	0.011	1	0.0760964
SLC25A25	0.01	1	0.0691785
ATL3	0.01	1	0.0691785
TNPO1	0.01	1	0.0691785
MCCC1	0.01	1	0.0691785
ACAA1	0.01	1	0.0691785
FASTKD2	0.01	1	0.0691785
PSMD4	0.009	1	0.0622607
PEX3	0.009	1	0.0622607
DDX56	0.009	1	0.0622607
DDX54	0.009	1	0.0622607
PUS1	0.009	1	0.0622607
RAC3	0.009	1	0.0622607
PDK3	0.009	1	0.0622607
WIZ	0.009	1	0.0622607
NT5C3	0.009	1	0.0622607
DNPEP	0.009	1	0.0622607
SPTBN1	0.008	1	0.0553428
TNRC18	0.008	1	0.0553428
CBX8	0.008	1	0.0553428
RING1	0.008	1	0.0553428
RPN2	0.008	1	0.0553428
INTS10	0.008	1	0.0553428
YWHAQ	0.007	1	0.048425
SAE1	0.007	1	0.048425
PRDX3	0.007	1	0.048425
GANAB	0.007	1	0.048425
NSDHL	0.007	1	0.048425
TST	0.007	1	0.048425
THAP11	0.007	1	0.048425
KIF4A	0.006	1	0.0415071
CDC25C	0.006	1	0.0415071
IKBKB	0.006	1	0.0415071
CHUK	0.006	1	0.0415071
TES	0.006	1	0.0415071
CRTAP	0.006	1	0.0415071
DDX19A	0.006	1	0.0415071
TFRC	0.006	1	0.0415071
FLAD1	0.006	1	0.0415071
SPTLC2	0.006	1	0.0415071
HAT1	0.006	1	0.0415071
EFHA1	0.006	1	0.0415071
GLS	0.005	1	0.0345893
NUP188	0.005	1	0.0345893
TMEM38B	0.005	1	0.0345893
SND1	0.005	1	0.0345893
DDOST	0.005	1	0.0345893
NEK9	0.005	1	0.0345893
TRMU	0.005	1	0.0345893
HNRNPM	0.004	1	0.0276714
AURKB	0.004	1	0.0276714
TRIP13	0.004	1	0.0276714
YIF1B	0.004	1	0.0276714
SBNO1	0.004	1	0.0276714
SRP54	0.004	1	0.0276714
RNMTL1	0.004	1	0.0276714
CCNT1	0.003	1	0.0207536
HSD17B11	0.003	1	0.0207536
PNKP	0.003	1	0.0207536
MFN1	0.003	1	0.0207536
NCBP2	0.003	1	0.0207536
PRPF31	0.003	1	0.0207536
GTF2H4	0.003	1	0.0207536
UQCRC2	0.003	1	0.0207536
FAHD1	0.003	1	0.0207536
SSRP1	0.002	1	0.0138357
DTL	0.002	1	0.0138357
MT-CO1	0.002	1	0.0138357
CTNND1	0.002	1	0.0138357
GNL3	0.002	1	0.0138357
C3ORF17	0.002	1	0.0138357
INADL	0.002	1	0.0138357
SF3A3	0.002	1	0.0138357
COPB2	0.002	1	0.0138357
GPT2	0.002	1	0.0138357
DHX15	0.002	1	0.0138357
TFB1M	0.002	1	0.0138357
ALDH18A1	0.002	1	0.0138357
SHPRH	0.002	1	0.0138357
SENP8	0.002	1	0.0138357
UTP11L	0.001	1	0.00691785
ZYG11B	0.001	1	0.00691785
RAB5C	0.001	1	0.00691785
AP2M1	0.001	1	0.00691785
PRDX2	0.001	1	0.00691785
SACS	0.001	1	0.00691785
UBXN1	0.001	1	0.00691785
POLR3B	0	1	0
MAP1S	0	1	0
PRDX4	0	1	0
DNAJA1	0	1	0
MED24	0	1	0
RRAS2	0	1	0
TP53RK	0	1	0
SSR4	0	1	0
CDK12	0	1	0
TTC19	0	1	0
SLC25A32	0	1	0
TBL3	0	1	0
NUTF2	0	1	0
FBXO7	0	1	0
NT5DC2	0	1	0
IDH2	-0.001	1	-0.00691785
ELAC2	-0.001	1	-0.00691785
NVL	-0.001	1	-0.00691785
ERO1LB	-0.002	1	-0.0138357
CLGN	-0.002	1	-0.0138357
SCP2	-0.002	1	-0.0138357
STOM	-0.002	1	-0.0138357
IRF3	-0.002	1	-0.0138357
NECAP2	-0.002	1	-0.0138357
RAB6A	-0.002	1	-0.0138357
PPP4C	-0.002	1	-0.0138357
TRMT2B	-0.002	1	-0.0138357
ARMC1	-0.003	1	-0.0207536
CEPT1	-0.003	1	-0.0207536
PAPOLG	-0.003	1	-0.0207536
PDCD11	-0.003	1	-0.0207536
TAF6L	-0.003	1	-0.0207536
PHF8	-0.003	1	-0.0207536
RAB6B	-0.003	1	-0.0207536
PGS1	-0.003	1	-0.0207536
AVL9	-0.004	1	-0.0276714
B3GALTL	-0.004	1	-0.0276714
PDCD4	-0.004	1	-0.0276714
NUP160	-0.004	1	-0.0276714
ZC3HAV1	-0.004	1	-0.0276714
SPG7	-0.004	1	-0.0276714
SCRIB	-0.004	1	-0.0276714
EXOSC10	-0.004	1	-0.0276714
EIF3A	-0.004	1	-0.0276714
CDK6	-0.004	1	-0.0276714
VPS35	-0.004	1	-0.0276714
MRPS27	-0.004	1	-0.0276714
THOC2	-0.004	1	-0.0276714
EYA4	-0.004	1	-0.0276714
TRMT11	-0.004	1	-0.0276714
ORC1L	-0.004	1	-0.0276714
RPL36AL	-0.005	1	-0.0345893
ATP5L	-0.005	1	-0.0345893
VPS45	-0.005	1	-0.0345893
RPS9	-0.005	1	-0.0345893
HADHB	-0.005	1	-0.0345893
MCM3AP	-0.005	1	-0.0345893
PDE12	-0.005	1	-0.0345893
ELOVL4	-0.006	1	-0.0415071
KPNA4	-0.006	1	-0.0415071
PSMA4	-0.006	1	-0.0415071
ACTR2	-0.006	1	-0.0415071
C1ORF57	-0.006	1	-0.0415071
MINA	-0.006	1	-0.0415071
SF3B3	-0.006	1	-0.0415071
EIF4A2	-0.006	1	-0.0415071
CARS2	-0.007	1	-0.048425
SEC23A	-0.007	1	-0.048425
INTS9	-0.007	1	-0.048425
AFG3L2	-0.007	1	-0.048425
ABCD3	-0.007	1	-0.048425
DIS3	-0.007	1	-0.048425
BUB1B	-0.007	1	-0.048425
POLR2E	-0.007	1	-0.048425
SUMF2	-0.008	1	-0.0553428
CDK9	-0.008	1	-0.0553428
ALDH2	-0.008	1	-0.0553428
FTSJ3	-0.008	1	-0.0553428
ZMYM2	-0.008	1	-0.0553428
VARS	-0.008	1	-0.0553428
KIAA1033	-0.008	1	-0.0553428
KIAA0564	-0.008	1	-0.0553428
TXN	-0.008	1	-0.0553428
YWHAZ	-0.009	1	-0.0622607
ATAD1	-0.009	1	-0.0622607
CPEB4	-0.009	1	-0.0622607
PSMC2	-0.009	1	-0.0622607
FARS2	-0.009	1	-0.0622607
NDUFA6	-0.009	1	-0.0622607
SFXN1	-0.009	1	-0.0622607
RPS28	-0.009	1	-0.0622607
EIF5B	-0.009	1	-0.0622607
ATRX	-0.009	1	-0.0622607
YARS2	-0.009	1	-0.0622607
GTPBP8	-0.009	1	-0.0622607
PDHB	-0.009	1	-0.0622607
GFM2	-0.009	1	-0.0622607
MAP4K5	-0.009	1	-0.0622607
HADH	-0.009	1	-0.0622607
WDR33	-0.01	1	-0.0691785
KIDINS220	-0.01	1	-0.0691785
PRKCI	-0.01	1	-0.0691785
TNPO2	-0.01	1	-0.0691785
GAK	-0.01	1	-0.0691785
TRM1L	-0.01	1	-0.0691785
FBXL12	-0.01	1	-0.0691785
DECR2	-0.011	1	-0.0760964
HIST1H2BJ	-0.011	1	-0.0760964
TBCD	-0.011	1	-0.0760964
ERGIC3	-0.011	1	-0.0760964
NAMPT	-0.011	1	-0.0760964
PDLIM5	-0.012	1	-0.0830142
PSMF1	-0.012	1	-0.0830142
RARS2	-0.012	1	-0.0830142
MRPL33	-0.012	1	-0.0830142
IGF2BP3	-0.012	1	-0.0830142
DDX24	-0.012	1	-0.0830142
CTNNBL1	-0.012	1	-0.0830142
SNRPC	-0.012	1	-0.0830142
RPS7	-0.012	1	-0.0830142
GALK1	-0.012	1	-0.0830142
MTX1	-0.012	1	-0.0830142
ATP6V1H	-0.013	1	-0.0899321
POLRMT	-0.013	1	-0.0899321
RBM26	-0.013	1	-0.0899321
PSMD12	-0.013	1	-0.0899321
RAF1	-0.013	1	-0.0899321
FKBP5	-0.013	1	-0.0899321
CHERP	-0.013	1	-0.0899321
IGF2BP1	-0.014	1	-0.09685
TBRG4	-0.014	1	-0.09685
EIF2AK2	-0.014	1	-0.09685
RAB5A	-0.014	1	-0.09685
AP3S1	-0.014	1	-0.09685
SNX3	-0.014	1	-0.09685
ACACA	-0.014	1	-0.09685
UBE4B	-0.014	1	-0.09685
PNPLA6	-0.014	1	-0.09685
TOP3B	-0.014	1	-0.09685
ZBTB33	-0.014	1	-0.09685
TNRC6A	-0.014	1	-0.09685
PSMA5	-0.014	1	-0.09685
EPT1	-0.014	1	-0.09685
EIF3I	-0.015	1	-0.103768
RPS3A	-0.015	1	-0.103768
ATP5O	-0.015	1	-0.103768
EFR3A	-0.015	1	-0.103768
CLPX	-0.015	1	-0.103768
CEBPZ	-0.015	1	-0.103768
STOML1	-0.015	1	-0.103768
RAD51	-0.015	1	-0.103768
PPFIA1	-0.016	1	-0.110686
SESN2	-0.016	1	-0.110686
SCFD1	-0.016	1	-0.110686
MARS	-0.016	1	-0.110686
SAMHD1	-0.016	1	-0.110686
PSAT1	-0.016	1	-0.110686
ZNF512	-0.017	1	-0.117604
TTC5	-0.017	1	-0.117604
CACYBP	-0.017	1	-0.117604
C19ORF68	-0.017	1	-0.117604
PDPR	-0.018	1	-0.124521
UCHL5	-0.018	1	-0.124521
KIAA0664	-0.018	1	-0.124521
RIF1	-0.018	1	-0.124521
FANCD2	-0.018	1	-0.124521
RAN	-0.018	1	-0.124521
SC5DL	-0.018	1	-0.124521
RDH11	-0.019	1	-0.131439
TAF4	-0.019	1	-0.131439
DTYMK	-0.019	1	-0.131439
NOP58	-0.019	1	-0.131439
ACAA2	-0.019	1	-0.131439
PATL1	-0.019	1	-0.131439
NUP88	-0.019	1	-0.131439
VAMP7	-0.019	1	-0.131439
UBE2M	-0.02	1	-0.138357
ZNF620	-0.02	1	-0.138357
NAA50	-0.02	1	-0.138357
SNRNP200	-0.02	1	-0.138357
DDX52	-0.02	1	-0.138357
SEC63	-0.02	1	-0.138357
GFM1	-0.02	1	-0.138357
COPG2	-0.02	1	-0.138357
STEAP3	-0.02	1	-0.138357
QRSL1	-0.02	1	-0.138357
SYNE2	-0.021	1	-0.145275
RPS21	-0.021	1	-0.145275
RPL21	-0.021	1	-0.145275
TMEM177	-0.021	1	-0.145275
DIAPH1	-0.021	1	-0.145275
USP38	-0.021	1	-0.145275
DIRAS1	-0.022	1	-0.152193
ZC3HC1	-0.022	1	-0.152193
FYN	-0.022	1	-0.152193
SFRS6	-0.022	1	-0.152193
POLDIP3	-0.022	1	-0.152193
MRPL22	-0.022	1	-0.152193
SACM1L	-0.022	1	-0.152193
RAB2B	-0.022	1	-0.152193
NUP214	-0.022	1	-0.152193
SLC33A1	-0.022	1	-0.152193
CDK4	-0.022	1	-0.152193
SLC25A19	-0.022	1	-0.152193
CDK13	-0.022	1	-0.152193
DYNC2LI1	-0.022	1	-0.152193
RPS3	-0.022	1	-0.152193
MGST3	-0.022	1	-0.152193
ZNF92	-0.023	1	-0.159111
RPL23A	-0.023	1	-0.159111
HUWE1	-0.023	1	-0.159111
RRAGA	-0.023	1	-0.159111
CKAP5	-0.023	1	-0.159111
SAPS3	-0.023	1	-0.159111
PET112L	-0.023	1	-0.159111
SLC25A40	-0.024	1	-0.166028
RPS14	-0.024	1	-0.166028
IQCB1	-0.024	1	-0.166028
ADAR	-0.024	1	-0.166028
C1ORF103	-0.024	1	-0.166028
KIAA1279	-0.024	1	-0.166028
KNTC1	-0.024	1	-0.166028
PRMT3	-0.024	1	-0.166028
RPS6KA5	-0.024	1	-0.166028
TXNDC9	-0.025	1	-0.172946
FARP2	-0.025	1	-0.172946
FLOT1	-0.025	1	-0.172946
CTPS2	-0.025	1	-0.172946
HIP1R	-0.025	1	-0.172946
CPSF1	-0.025	1	-0.172946
TFB2M	-0.025	1	-0.172946
PXN	-0.025	1	-0.172946
INPP5K	-0.026	1	-0.179864
RBM7	-0.026	1	-0.179864
ZNF8	-0.026	1	-0.179864
ARAF	-0.026	1	-0.179864
RPS8	-0.026	1	-0.179864
TMED10	-0.026	1	-0.179864
PPP2R5D	-0.026	1	-0.179864
NAT14	-0.026	1	-0.179864
LUZP1	-0.027	1	-0.186782
PSME4	-0.027	1	-0.186782
DDX27	-0.027	1	-0.186782
HSPB1	-0.027	1	-0.186782
STT3B	-0.027	1	-0.186782
CLASP1	-0.028	1	-0.1937
DNM3	-0.028	1	-0.1937
MOCS3	-0.028	1	-0.1937
RCC1	-0.028	1	-0.1937
YEATS2	-0.028	1	-0.1937
ABCF2	-0.028	1	-0.1937
C6ORF211	-0.028	1	-0.1937
RAD21	-0.029	1	-0.200618
PKP4	-0.029	1	-0.200618
EIF2B5	-0.029	1	-0.200618
PSMC5	-0.029	1	-0.200618
RAB2A	-0.029	1	-0.200618
EIF2B1	-0.029	1	-0.200618
CBARA1	-0.029	1	-0.200618
GLA	-0.029	1	-0.200618
MAPRE1	-0.029	1	-0.200618
LARP4B	-0.029	1	-0.200618
ACADSB	-0.029	1	-0.200618
SKP2	-0.029	1	-0.200618
PAK4	-0.03	1	-0.207536
DNAJC7	-0.03	1	-0.207536
FOXK2	-0.03	1	-0.207536
RNF2	-0.03	1	-0.207536
ABCE1	-0.03	1	-0.207536
DDX47	-0.03	1	-0.207536
DDX1	-0.03	1	-0.207536
MTHFD2	-0.03	1	-0.207536
XPNPEP1	-0.03	1	-0.207536
DHX33	-0.031	1	-0.214453
RFX1	-0.031	1	-0.214453
SLC25A35	-0.031	1	-0.214453
MRI1	-0.031	1	-0.214453
C12ORF10	-0.031	1	-0.214453
AAMP	-0.031	1	-0.214453
GLIPR2	-0.031	1	-0.214453
COPZ1	-0.031	1	-0.214453
NUP107	-0.031	1	-0.214453
INPP1	-0.031	1	-0.214453
ERGIC1	-0.031	1	-0.214453
RTN4	-0.032	1	-0.221371
CNP	-0.032	1	-0.221371
RUVBL1	-0.032	1	-0.221371
XPNPEP3	-0.032	1	-0.221371
CPT1A	-0.032	1	-0.221371
MASTL	-0.032	1	-0.221371
ARHGEF2	-0.032	1	-0.221371
ZNF638	-0.032	1	-0.221371
PLAA	-0.032	1	-0.221371
INTS7	-0.032	1	-0.221371
TSFM	-0.032	1	-0.221371
KIF22	-0.032	1	-0.221371
PRKACB	-0.032	1	-0.221371
NDUFA12	-0.032	1	-0.221371
PRPF8	-0.032	1	-0.221371
RBM5	-0.032	1	-0.221371
EIF4E	-0.033	1	-0.228289
CLCN3	-0.033	1	-0.228289
FITM2	-0.033	1	-0.228289
ATXN10	-0.033	1	-0.228289
CCT5	-0.034	1	-0.235207
OPA1	-0.034	1	-0.235207
MARS2	-0.034	1	-0.235207
CSDE1	-0.034	1	-0.235207
SLC25A12	-0.034	1	-0.235207
METTL8	-0.034	1	-0.235207
UGDH	-0.034	1	-0.235207
PLEC1	-0.035	1	-0.242125
GRB2	-0.035	1	-0.242125
HTT	-0.035	1	-0.242125
DIAPH3	-0.035	1	-0.242125
HNRNPA0	-0.035	1	-0.242125
IQGAP3	-0.035	1	-0.242125
UBLCP1	-0.035	1	-0.242125
FXR2	-0.035	1	-0.242125
RHOT1	-0.035	1	-0.242125
MAGED1	-0.035	1	-0.242125
CNDP2	-0.035	1	-0.242125
UBE3C	-0.035	1	-0.242125
GBF1	-0.035	1	-0.242125
PES1	-0.036	1	-0.249043
HSPA2	-0.036	1	-0.249043
DARS	-0.036	1	-0.249043
PMVK	-0.036	1	-0.249043
HYOU1	-0.036	1	-0.249043
SNRPD1	-0.036	1	-0.249043
OXCT1	-0.036	1	-0.249043
PARVA	-0.036	1	-0.249043
HERC5	-0.037	1	-0.255961
SRP68	-0.037	1	-0.255961
LIMK2	-0.037	1	-0.255961
HSP90AA1	-0.037	1	-0.255961
FIG4	-0.037	1	-0.255961
CCNB1	-0.037	1	-0.255961
FAM48A	-0.037	1	-0.255961
ATP6V1C1	-0.038	1	-0.262878
TK1	-0.038	1	-0.262878
CAND2	-0.038	1	-0.262878
PTDSS2	-0.039	1	-0.269796
NAP1L1	-0.039	1	-0.269796
LIG3	-0.039	1	-0.269796
ARL8A	-0.039	1	-0.269796
CCT3	-0.039	1	-0.269796
MRPS34	-0.039	1	-0.269796
SMARCD2	-0.039	1	-0.269796
PLOD2	-0.039	1	-0.269796
USP10	-0.039	1	-0.269796
GPAA1	-0.039	1	-0.269796
PRDX1	-0.04	1	-0.276714
PHC2	-0.04	1	-0.276714
RPS16	-0.04	1	-0.276714
PRDX5	-0.04	1	-0.276714
LPCAT3	-0.04	1	-0.276714
CAD	-0.04	1	-0.276714
TEX10	-0.04	1	-0.276714
COPB1	-0.04	1	-0.276714
HSPA5	-0.04	1	-0.276714
EIF3M	-0.04	1	-0.276714
AARS	-0.04	1	-0.276714
EIF4A1	-0.04	1	-0.276714
PRAF2	-0.04	1	-0.276714
MRPL21	-0.04	1	-0.276714
PMPCB	-0.041	1	-0.283632
RAB3GAP2	-0.041	1	-0.283632
HADHA	-0.041	1	-0.283632
ELP3	-0.041	1	-0.283632
GPKOW	-0.041	1	-0.283632
AKAP1	-0.041	1	-0.283632
AGK	-0.041	1	-0.283632
TUBA1B	-0.041	1	-0.283632
ATL1	-0.041	1	-0.283632
SLC35F2	-0.042	1	-0.29055
DOCK6	-0.042	1	-0.29055
DHX40	-0.042	1	-0.29055
IQGAP2	-0.042	1	-0.29055
HSP90AB1	-0.042	1	-0.29055
TUBG1	-0.042	1	-0.29055
KIAA0776	-0.042	1	-0.29055
DYNC2H1	-0.042	1	-0.29055
CDK17	-0.042	1	-0.29055
AP1B1	-0.042	1	-0.29055
DICER1	-0.042	1	-0.29055
TTLL12	-0.042	1	-0.29055
USP16	-0.042	1	-0.29055
NOC4L	-0.042	1	-0.29055
RPL13A	-0.043	1	-0.297468
CSNK1G2	-0.043	1	-0.297468
ATP6V0A1	-0.043	1	-0.297468
FADS2	-0.043	1	-0.297468
MAPRE2	-0.043	1	-0.297468
UQCRC1	-0.043	1	-0.297468
PPA2	-0.043	1	-0.297468
ACAD10	-0.043	1	-0.297468
PCGF5	-0.043	1	-0.297468
SAAL1	-0.043	1	-0.297468
EIF3C	-0.044	1	-0.304386
CHD2	-0.044	1	-0.304386
RRAGC	-0.044	1	-0.304386
SMARCA5	-0.044	1	-0.304386
CSNK2A2	-0.044	1	-0.304386
ADPRHL2	-0.044	1	-0.304386
SMC2	-0.044	1	-0.304386
COG3	-0.044	1	-0.304386
ATP6AP1	-0.044	1	-0.304386
TUBA4A	-0.044	1	-0.304386
GPSM1	-0.044	1	-0.304386
GPX8	-0.045	1	-0.311303
TOMM22	-0.045	1	-0.311303
XRN2	-0.045	1	-0.311303
FAHD2A	-0.045	1	-0.311303
TRAPPC4	-0.045	1	-0.311303
STXBP1	-0.046	1	-0.318221
EIF3D	-0.046	1	-0.318221
DCLRE1A	-0.046	1	-0.318221
DDX55	-0.046	1	-0.318221
ASCC1	-0.046	1	-0.318221
BAAT1	-0.046	1	-0.318221
GNA12	-0.047	1	-0.325139
GLUD1	-0.047	1	-0.325139
BMS1	-0.047	1	-0.325139
SRPR	-0.047	1	-0.325139
DNAJC10	-0.047	1	-0.325139
PM20D2	-0.047	1	-0.325139
PATZ1	-0.047	1	-0.325139
RBM9	-0.047	1	-0.325139
RBBP4	-0.047	1	-0.325139
ZNHIT6	-0.047	1	-0.325139
ZFHX4	-0.047	1	-0.325139
IFRD1	-0.048	1	-0.332057
RUSC1	-0.048	1	-0.332057
ACTR1A	-0.048	1	-0.332057
RPS15	-0.048	1	-0.332057
HNRNPR	-0.048	1	-0.332057
ESPL1	-0.048	1	-0.332057
TAGLN2	-0.048	1	-0.332057
DHX57	-0.048	1	-0.332057
COG5	-0.048	1	-0.332057
ATP6V0A2	-0.049	1	-0.338975
DHX37	-0.049	1	-0.338975
ACOT8	-0.049	1	-0.338975
PARN	-0.049	1	-0.338975
LAP3	-0.049	1	-0.338975
NET1	-0.049	1	-0.338975
ARVCF	-0.049	1	-0.338975
BAZ1A	-0.05	1	-0.345893
MID1	-0.05	1	-0.345893
CDC5L	-0.05	1	-0.345893
SMPD4	-0.05	1	-0.345893
MRPL10	-0.05	1	-0.345893
HSPA8	-0.05	1	-0.345893
PKN3	-0.05	1	-0.345893
UBE3A	-0.05	1	-0.345893
HDLBP	-0.05	1	-0.345893
SLC27A4	-0.05	1	-0.345893
SARM1	-0.05	1	-0.345893
ATR	-0.051	1	-0.352811
EYA3	-0.051	1	-0.352811
LONP1	-0.051	1	-0.352811
RFC5	-0.051	1	-0.352811
ORC3L	-0.051	1	-0.352811
WDR34	-0.051	1	-0.352811
PAXIP1	-0.052	1	-0.359728
MAN1B1	-0.052	1	-0.359728
PSMD3	-0.052	1	-0.359728
PPP2R5C	-0.052	1	-0.359728
RPTOR	-0.052	1	-0.359728
POLD1	-0.052	1	-0.359728
MTX2	-0.052	1	-0.359728
CCT4	-0.052	1	-0.359728
ACACB	-0.052	1	-0.359728
HSPA14	-0.052	1	-0.359728
CDC45	-0.052	1	-0.359728
LARP4	-0.052	1	-0.359728
AMOT	-0.053	1	-0.366646
FLII	-0.053	1	-0.366646
RBM15B	-0.053	1	-0.366646
IFT80	-0.053	1	-0.366646
DIMT1L	-0.053	1	-0.366646
API5	-0.053	1	-0.366646
GTF2I	-0.053	1	-0.366646
FARSA	-0.053	1	-0.366646
CCT6A	-0.053	1	-0.366646
CDK5	-0.053	1	-0.366646
MYO1E	-0.053	1	-0.366646
CDK1	-0.053	1	-0.366646
QRICH1	-0.053	1	-0.366646
ASMTL	-0.054	1	-0.373564
RPLP0	-0.054	1	-0.373564
HAGH	-0.054	1	-0.373564
FASN	-0.054	1	-0.373564
ADSL	-0.054	1	-0.373564
ACO2	-0.054	1	-0.373564
C10ORF58	-0.054	1	-0.373564
CLK3	-0.054	1	-0.373564
NDUFV1	-0.054	1	-0.373564
STAT5B	-0.054	1	-0.373564
SLIRP	-0.054	1	-0.373564
RAP2A	-0.055	1	-0.380482
POLE	-0.055	1	-0.380482
KDM4A	-0.055	1	-0.380482
SNTB1	-0.055	1	-0.380482
BPNT1	-0.055	1	-0.380482
KPNA2	-0.055	1	-0.380482
ALDH16A1	-0.055	1	-0.380482
CORO7	-0.056	1	-0.3874
ANXA6	-0.056	1	-0.3874
RPL35	-0.056	1	-0.3874
DUSP12	-0.056	1	-0.3874
RPS6KA3	-0.056	1	-0.3874
NMD3	-0.056	1	-0.3874
GPR89A	-0.056	1	-0.3874
XRN1	-0.056	1	-0.3874
PTP4A1	-0.056	1	-0.3874
C14ORF21	-0.056	1	-0.3874
LDHA	-0.056	1	-0.3874
TBP	-0.056	1	-0.3874
ORC5L	-0.056	1	-0.3874
MRPL38	-0.056	1	-0.3874
RNF25	-0.056	1	-0.3874
PDIA3	-0.056	1	-0.3874
SRPRB	-0.057	1	-0.394318
DDX46	-0.057	1	-0.394318
RBM16	-0.057	1	-0.394318
MORC3	-0.057	1	-0.394318
TNRC6B	-0.057	1	-0.394318
MPST	-0.057	1	-0.394318
PSMD11	-0.057	1	-0.394318
QTRTD1	-0.057	1	-0.394318
LRRC47	-0.058	1	-0.401236
SBF1	-0.058	1	-0.401236
ACSL3	-0.058	1	-0.401236
NEDD4	-0.058	1	-0.401236
FAF2	-0.058	1	-0.401236
SEC24B	-0.058	1	-0.401236
EHD4	-0.058	1	-0.401236
DNAJC11	-0.058	1	-0.401236
RNGTT	-0.058	1	-0.401236
NCAPD3	-0.059	1	-0.408153
SERAC1	-0.059	1	-0.408153
CDC42BPB	-0.059	1	-0.408153
FLNA	-0.059	1	-0.408153
ANKRD27	-0.059	1	-0.408153
GYG1	-0.059	1	-0.408153
PAFAH1B2	-0.059	1	-0.408153
PTBP1	-0.06	1	-0.415071
OCRL	-0.06	1	-0.415071
TRPC4AP	-0.06	1	-0.415071
KIF13B	-0.061	1	-0.421989
SFXN2	-0.061	1	-0.421989
PRPF3	-0.061	1	-0.421989
MAP2K4	-0.061	1	-0.421989
UTP14A	-0.061	1	-0.421989
UMPS	-0.061	1	-0.421989
MRPL14	-0.061	1	-0.421989
ANXA2	-0.061	1	-0.421989
EIF4G2	-0.062	1	-0.428907
ERLIN1	-0.062	1	-0.428907
NUP62	-0.062	1	-0.428907
NUP153	-0.062	1	-0.428907
PIGN	-0.062	1	-0.428907
AHR	-0.062	1	-0.428907
FN1	-0.062	1	-0.428907
SNX8	-0.062	1	-0.428907
KRR1	-0.062	1	-0.428907
WDR7	-0.063	1	-0.435825
CTU1	-0.063	1	-0.435825
ALG12	-0.063	1	-0.435825
SMC4	-0.063	1	-0.435825
EFHD2	-0.063	1	-0.435825
RIPK1	-0.063	1	-0.435825
RPL8	-0.064	1	-0.442743
ACTR5	-0.064	1	-0.442743
LYPLAL1	-0.064	1	-0.442743
HSD17B4	-0.064	1	-0.442743
LKAP	-0.064	1	-0.442743
SNRPA1	-0.064	1	-0.442743
GART	-0.064	1	-0.442743
GUF1	-0.064	1	-0.442743
SNX6	-0.064	1	-0.442743
IRAK1	-0.064	1	-0.442743
FEN1	-0.064	1	-0.442743
NDUFS2	-0.064	1	-0.442743
ZNF773	-0.064	1	-0.442743
C11ORF59	-0.064	1	-0.442743
GNB1L	-0.065	1	-0.449661
RAD50	-0.065	1	-0.449661
DYNC1H1	-0.066	1	-0.456578
CLINT1	-0.066	1	-0.456578
SKIV2L	-0.066	1	-0.456578
GSTP1	-0.066	1	-0.456578
CDK2	-0.066	1	-0.456578
GSK3A	-0.067	1	-0.463496
ERAL1	-0.067	1	-0.463496
HSPA4	-0.067	1	-0.463496
EPRS	-0.067	1	-0.463496
FIP1L1	-0.067	1	-0.463496
AHSA1	-0.067	1	-0.463496
CIRH1A	-0.067	1	-0.463496
STK38L	-0.067	1	-0.463496
LCMT2	-0.067	1	-0.463496
RAE1	-0.068	1	-0.470414
SFXN4	-0.068	1	-0.470414
CDC16	-0.068	1	-0.470414
GTF3C5	-0.068	1	-0.470414
MAPK14	-0.068	1	-0.470414
PECI	-0.068	1	-0.470414
PCGF1	-0.068	1	-0.470414
ARHGDIA	-0.068	1	-0.470414
AGPAT6	-0.068	1	-0.470414
UNC45A	-0.069	1	-0.477332
DDX28	-0.069	1	-0.477332
DLD	-0.069	1	-0.477332
ATG4B	-0.069	1	-0.477332
ZADH2	-0.069	1	-0.477332
UCK2	-0.069	1	-0.477332
PSMA2	-0.069	1	-0.477332
COMTD1	-0.069	1	-0.477332
MOSC2	-0.069	1	-0.477332
NEK6	-0.07	1	-0.48425
SYNCRIP	-0.07	1	-0.48425
THNSL1	-0.07	1	-0.48425
TPT1	-0.071	1	-0.491168
FARSB	-0.071	1	-0.491168
INTS4	-0.071	1	-0.491168
WARS	-0.071	1	-0.491168
POLD3	-0.071	1	-0.491168
UTP20	-0.071	1	-0.491168
ABCA3	-0.071	1	-0.491168
P4HA1	-0.071	1	-0.491168
WDR11	-0.071	1	-0.491168
TRNT1	-0.071	1	-0.491168
MAP2K2	-0.072	1	-0.498085
DKC1	-0.072	1	-0.498085
PYGL	-0.072	1	-0.498085
VPS53	-0.072	1	-0.498085
DNM2	-0.072	1	-0.498085
TOMM70A	-0.072	1	-0.498085
PSMD10	-0.072	1	-0.498085
CPS1	-0.072	1	-0.498085
DAGLB	-0.072	1	-0.498085
RPL38	-0.072	1	-0.498085
RSL1D1	-0.072	1	-0.498085
ANXA11	-0.072	1	-0.498085
KIF21B	-0.073	1	-0.505003
UPF1	-0.073	1	-0.505003
PPM1F	-0.073	1	-0.505003
NUP50	-0.073	1	-0.505003
KIAA1797	-0.073	1	-0.505003
GMPPA	-0.073	1	-0.505003
G6PD	-0.073	1	-0.505003
RPL12	-0.073	1	-0.505003
RPL22	-0.074	1	-0.511921
NCKAP1	-0.074	1	-0.511921
KIF14	-0.074	1	-0.511921
MRPL37	-0.074	1	-0.511921
XPO7	-0.074	1	-0.511921
SDR39U1	-0.074	1	-0.511921
XPO1	-0.074	1	-0.511921
FAM125A	-0.074	1	-0.511921
SMARCD1	-0.074	1	-0.511921
MTG1	-0.074	1	-0.511921
GTF2H1	-0.074	1	-0.511921
RPL3	-0.075	1	-0.518839
EEFSEC	-0.075	1	-0.518839
HDAC1	-0.075	1	-0.518839
NAA40	-0.075	1	-0.518839
GTF3C4	-0.075	1	-0.518839
RPS11	-0.076	1	-0.525757
YWHAH	-0.076	1	-0.525757
DDX10	-0.076	1	-0.525757
UQCC	-0.076	1	-0.525757
UBA6	-0.076	1	-0.525757
FKBP4	-0.076	1	-0.525757
ALG13	-0.076	1	-0.525757
UBXN7	-0.076	1	-0.525757
HOXA10	-0.076	1	-0.525757
C7ORF10	-0.076	1	-0.525757
RPL7	-0.077	1	-0.532675
SUGT1	-0.077	1	-0.532675
RBM27	-0.077	1	-0.532675
MAP2K3	-0.077	1	-0.532675
DCAF7	-0.077	1	-0.532675
SEH1L	-0.077	1	-0.532675
XRCC3	-0.078	1	-0.539593
HDAC2	-0.078	1	-0.539593
TBK1	-0.079	1	-0.54651
PRKAA2	-0.079	1	-0.54651
MBD3	-0.08	1	-0.553428
GLUD2	-0.08	1	-0.553428
DYNLT1	-0.08	1	-0.553428
OXNAD1	-0.08	1	-0.553428
PRKACA	-0.08	1	-0.553428
BCL2L13	-0.08	1	-0.553428
MTOR	-0.08	1	-0.553428
RPL30	-0.081	1	-0.560346
CPNE1	-0.081	1	-0.560346
CARM1	-0.081	1	-0.560346
GNB2L1	-0.081	1	-0.560346
CDC23	-0.081	1	-0.560346
CFL2	-0.081	1	-0.560346
EYA1	-0.082	1	-0.567264
PPP3CA	-0.082	1	-0.567264
TMEM56	-0.082	1	-0.567264
LASS2	-0.082	1	-0.567264
TMED9	-0.082	1	-0.567264
POLR3C	-0.082	1	-0.567264
METTL11A	-0.082	1	-0.567264
RPP30	-0.082	1	-0.567264
UBE2L3	-0.082	1	-0.567264
GNAI2	-0.083	1	-0.574182
AKAP8L	-0.083	1	-0.574182
GNAI3	-0.083	1	-0.574182
DECR1	-0.083	1	-0.574182
TARS	-0.083	1	-0.574182
KIF2C	-0.083	1	-0.574182
FDPS	-0.083	1	-0.574182
MYL6	-0.083	1	-0.574182
ANXA7	-0.083	1	-0.574182
C4ORF27	-0.083	1	-0.574182
GMPS	-0.083	1	-0.574182
PRKAB1	-0.083	1	-0.574182
KIAA1967	-0.083	1	-0.574182
AK2	-0.083	1	-0.574182
PCNP	-0.084	1	-0.5811
ILKAP	-0.084	1	-0.5811
MYCBP2	-0.084	1	-0.5811
CAND1	-0.084	1	-0.5811
SR140	-0.084	1	-0.5811
DCP1A	-0.084	1	-0.5811
PRPSAP1	-0.084	1	-0.5811
ZNF281	-0.084	1	-0.5811
DCP2	-0.084	1	-0.5811
ERCC3	-0.085	1	-0.588018
RPA2	-0.085	1	-0.588018
DGKE	-0.085	1	-0.588018
NPEPPS	-0.085	1	-0.588018
NUB1	-0.085	1	-0.588018
C11ORF73	-0.085	1	-0.588018
MRPS11	-0.085	1	-0.588018
RNASEH2C	-0.085	1	-0.588018
EEF2	-0.086	1	-0.594935
CLTC	-0.086	1	-0.594935
HSPA9	-0.086	1	-0.594935
C14ORF166	-0.086	1	-0.594935
CUL4A	-0.086	1	-0.594935
RANBP6	-0.086	1	-0.594935
SRP14	-0.087	1	-0.601853
KIF1A	-0.087	1	-0.601853
BAT5	-0.087	1	-0.601853
GCLM	-0.087	1	-0.601853
CCDC47	-0.087	1	-0.601853
BRIP1	-0.087	1	-0.601853
ALDH1A2	-0.087	1	-0.601853
CHEK1	-0.087	1	-0.601853
PTPN2	-0.088	1	-0.608771
YLPM1	-0.088	1	-0.608771
MYO19	-0.088	1	-0.608771
PDCD6IP	-0.088	1	-0.608771
TCP1	-0.088	1	-0.608771
PRCP	-0.088	1	-0.608771
SLC25A15	-0.088	1	-0.608771
SLK	-0.088	1	-0.608771
FAM40A	-0.088	1	-0.608771
NT5C3L	-0.088	1	-0.608771
RIOK2	-0.088	1	-0.608771
SFRS17A	-0.089	1	-0.615689
ZNF574	-0.089	1	-0.615689
SASS6	-0.089	1	-0.615689
COPA	-0.089	1	-0.615689
DHX35	-0.089	1	-0.615689
PSMD14	-0.089	1	-0.615689
USP7	-0.089	1	-0.615689
ACSL4	-0.09	1	-0.622607
HSPH1	-0.09	1	-0.622607
CCT2	-0.09	1	-0.622607
DDX49	-0.09	1	-0.622607
DTNB	-0.09	1	-0.622607
MYST2	-0.09	1	-0.622607
VAV2	-0.09	1	-0.622607
RRAS	-0.09	1	-0.622607
H2AFZ	-0.091	1	-0.629525
ILVBL	-0.091	1	-0.629525
CDK5RAP3	-0.091	1	-0.629525
KIAA0090	-0.091	1	-0.629525
DHFR	-0.091	1	-0.629525
PRMT10	-0.092	1	-0.636443
DDX6	-0.092	1	-0.636443
GTF2B	-0.092	1	-0.636443
ACSL1	-0.092	1	-0.636443
GFPT1	-0.092	1	-0.636443
ARF6	-0.092	1	-0.636443
TELO2	-0.092	1	-0.636443
MYO6	-0.093	1	-0.64336
MRPS22	-0.093	1	-0.64336
C16ORF58	-0.093	1	-0.64336
PFAS	-0.093	1	-0.64336
HBS1L	-0.094	1	-0.650278
SLC35B2	-0.094	1	-0.650278
CPSF3	-0.094	1	-0.650278
CLP1	-0.094	1	-0.650278
IMPA1	-0.094	1	-0.650278
CBS	-0.094	1	-0.650278
EGLN1	-0.094	1	-0.650278
MLTK	-0.095	1	-0.657196
UQCRQ	-0.095	1	-0.657196
MRPL15	-0.095	1	-0.657196
THUMPD2	-0.096	1	-0.664114
USP24	-0.096	1	-0.664114
DUS2L	-0.096	1	-0.664114
GGCX	-0.096	1	-0.664114
C21ORF33	-0.096	1	-0.664114
TTK	-0.096	1	-0.664114
PTPN13	-0.097	1	-0.671032
PISD	-0.097	1	-0.671032
ACTR1B	-0.097	1	-0.671032
NUPL2	-0.097	1	-0.671032
PPA1	-0.097	1	-0.671032
GNB1	-0.098	1	-0.67795
STK3	-0.098	1	-0.67795
RXRA	-0.098	1	-0.67795
IPO9	-0.098	1	-0.67795
SCYL1	-0.098	1	-0.67795
WWOX	-0.098	1	-0.67795
DYNC1LI1	-0.099	1	-0.684868
MYEF2	-0.099	1	-0.684868
DHX29	-0.099	1	-0.684868
GNL1	-0.099	1	-0.684868
XPO5	-0.099	1	-0.684868
IGF2BP2	-0.099	1	-0.684868
RAB7L1	-0.099	1	-0.684868
COPE	-0.099	1	-0.684868
PGK1	-0.099	1	-0.684868
EPB41	-0.1	1	-0.691785
UBE2D3	-0.1	1	-0.691785
NAA16	-0.1	1	-0.691785
IPO7	-0.1	1	-0.691785
IQGAP1	-0.1	1	-0.691785
STAT1	-0.1	1	-0.691785
RTKN	-0.101	1	-0.698703
NDUFS8	-0.101	1	-0.698703
MDH2	-0.102	1	-0.705621
MCART1	-0.102	1	-0.705621
ANAPC5	-0.102	1	-0.705621
NCAPD2	-0.102	1	-0.705621
OXSR1	-0.102	1	-0.705621
PPP2R2A	-0.102	1	-0.705621
GBA	-0.102	1	-0.705621
RCL1	-0.103	1	-0.712539
LPGAT1	-0.103	1	-0.712539
NCAPG	-0.103	1	-0.712539
LIG1	-0.103	1	-0.712539
NNT	-0.103	1	-0.712539
SNAP47	-0.103	1	-0.712539
GLO1	-0.104	1	-0.719457
TWF2	-0.104	1	-0.719457
ATPAF2	-0.104	1	-0.719457
CFL1	-0.104	1	-0.719457
ALDH1B1	-0.104	1	-0.719457
CYB5R1	-0.104	1	-0.719457
GCAT	-0.104	1	-0.719457
UCKL1	-0.104	1	-0.719457
TRMT6	-0.104	1	-0.719457
C11ORF83	-0.105	1	-0.726375
ANK3	-0.105	1	-0.726375
FAM120A	-0.105	1	-0.726375
ADCK4	-0.105	1	-0.726375
BUB3	-0.105	1	-0.726375
ZNF414	-0.106	1	-0.733293
IKBKAP	-0.106	1	-0.733293
IPO5	-0.106	1	-0.733293
SRM	-0.106	1	-0.733293
PTPN23	-0.106	1	-0.733293
PRDX6	-0.106	1	-0.733293
TBPL1	-0.106	1	-0.733293
TTC21B	-0.106	1	-0.733293
GTPBP10	-0.107	1	-0.74021
LSM14B	-0.107	1	-0.74021
AASS	-0.107	1	-0.74021
RANBP3	-0.107	1	-0.74021
TTRAP	-0.107	1	-0.74021
NCOA2	-0.108	1	-0.747128
IARS	-0.108	1	-0.747128
BRIX1	-0.108	1	-0.747128
SFXN3	-0.108	1	-0.747128
AP3M1	-0.108	1	-0.747128
PPP2R1A	-0.108	1	-0.747128
RABL3	-0.108	1	-0.747128
HIP1	-0.109	1	-0.754046
NOL11	-0.109	1	-0.754046
CHTF8	-0.109	1	-0.754046
MKI67IP	-0.109	1	-0.754046
PDP1	-0.109	1	-0.754046
LONP2	-0.109	1	-0.754046
PABPN1	-0.109	1	-0.754046
DCXR	-0.11	1	-0.760964
RPS6KA1	-0.11	1	-0.760964
ETF1	-0.11	1	-0.760964
CUL1	-0.11	1	-0.760964
ORC4L	-0.11	1	-0.760964
ITPA	-0.111	1	-0.767882
RPL6	-0.111	1	-0.767882
COPG	-0.111	1	-0.767882
POLD2	-0.111	1	-0.767882
HNRNPUL2	-0.111	1	-0.767882
NUDCD2	-0.111	1	-0.767882
PKN2	-0.111	1	-0.767882
ECM29	-0.112	1	-0.7748
RAP2C	-0.112	1	-0.7748
BLVRA	-0.112	1	-0.7748
DHRS1	-0.113	1	-0.781717
PPIA	-0.113	1	-0.781717
YWHAE	-0.113	1	-0.781717
SRP72	-0.113	1	-0.781717
ACAT1	-0.113	1	-0.781717
PANK4	-0.113	1	-0.781717
CNOT8	-0.113	1	-0.781717
FNDC3A	-0.114	1	-0.788635
QARS	-0.114	1	-0.788635
SARS	-0.114	1	-0.788635
SGPL1	-0.114	1	-0.788635
USP14	-0.115	1	-0.795553
VTN	-0.115	1	-0.795553
DCTN1	-0.115	1	-0.795553
RARS	-0.115	1	-0.795553
GRB10	-0.115	1	-0.795553
DCP1B	-0.115	1	-0.795553
BBX	-0.115	1	-0.795553
CUL5	-0.116	1	-0.802471
SYMPK	-0.116	1	-0.802471
RNF213	-0.116	1	-0.802471
IPO11	-0.116	1	-0.802471
C3ORF31	-0.116	1	-0.802471
PPME1	-0.116	1	-0.802471
RPL13	-0.117	1	-0.809389
USP9X	-0.117	1	-0.809389
SLC25A17	-0.117	1	-0.809389
NARS	-0.117	1	-0.809389
BZW2	-0.117	1	-0.809389
MTHFD1	-0.117	1	-0.809389
PSMA3	-0.117	1	-0.809389
GCN1L1	-0.117	1	-0.809389
AP1M1	-0.117	1	-0.809389
PEX1	-0.117	1	-0.809389
GTPBP5	-0.117	1	-0.809389
HCFC1	-0.118	1	-0.816307
STRAP	-0.118	1	-0.816307
WDR8	-0.118	1	-0.816307
PIAS1	-0.118	1	-0.816307
LRRC40	-0.118	1	-0.816307
PIK3C2A	-0.119	1	-0.823225
TMTC3	-0.119	1	-0.823225
DCAKD	-0.119	1	-0.823225
ANKFY1	-0.12	1	-0.830142
DSCR3	-0.12	1	-0.830142
ACAD11	-0.121	1	-0.83706
SMARCA1	-0.121	1	-0.83706
AP1G1	-0.121	1	-0.83706
CHORDC1	-0.121	1	-0.83706
PDLIM7	-0.121	1	-0.83706
NKIRAS2	-0.121	1	-0.83706
GTF3C2	-0.122	1	-0.843978
EPB41L2	-0.122	1	-0.843978
PDCD6	-0.122	1	-0.843978
UBE2O	-0.122	1	-0.843978
PIGG	-0.123	1	-0.850896
DDX11	-0.123	1	-0.850896
STK24	-0.123	1	-0.850896
PIR	-0.123	1	-0.850896
ATP1B3	-0.123	1	-0.850896
ITPR3	-0.124	1	-0.857814
TPX2	-0.124	1	-0.857814
TMCO1	-0.124	1	-0.857814
URGCP	-0.124	1	-0.857814
MT-ND2	-0.124	1	-0.857814
ZFP1	-0.124	1	-0.857814
TRMT2A	-0.124	1	-0.857814
GK	-0.124	1	-0.857814
ARID1A	-0.125	1	-0.864732
TUBGCP4	-0.125	1	-0.864732
SYK	-0.125	1	-0.864732
TALDO1	-0.125	1	-0.864732
GPR107	-0.126	1	-0.87165
RBMX	-0.126	1	-0.87165
SMARCB1	-0.126	1	-0.87165
SPCS3	-0.126	1	-0.87165
CDC27	-0.126	1	-0.87165
DARS2	-0.126	1	-0.87165
CHEK2	-0.126	1	-0.87165
DAK	-0.127	1	-0.878567
TRMT5	-0.127	1	-0.878567
ANAPC1	-0.127	1	-0.878567
NAA10	-0.127	1	-0.878567
PTPMT1	-0.127	1	-0.878567
TUBB4	-0.127	1	-0.878567
TUBB6	-0.127	1	-0.878567
TUBB2C	-0.127	1	-0.878567
LEPRE1	-0.128	1	-0.885485
TUBGCP2	-0.128	1	-0.885485
PFKL	-0.128	1	-0.885485
UBA5	-0.128	1	-0.885485
PTOV1	-0.129	1	-0.892403
EIF2S3	-0.129	1	-0.892403
RBM47	-0.129	1	-0.892403
APEX1	-0.129	1	-0.892403
RPS15A	-0.129	1	-0.892403
ENO1	-0.129	1	-0.892403
RAB7A	-0.13	1	-0.899321
PSMA7	-0.13	1	-0.899321
PICALM	-0.13	1	-0.899321
IFT172	-0.13	1	-0.899321
TBC1D9B	-0.13	1	-0.899321
BAT2L2	-0.13	1	-0.899321
RPL9	-0.13	1	-0.899321
GPI	-0.13	1	-0.899321
EIF4G1	-0.131	1	-0.906239
HNRPDL	-0.131	1	-0.906239
RETSAT	-0.131	1	-0.906239
MGEA5	-0.131	1	-0.906239
SLC25A23	-0.132	1	-0.913157
EEF1B2	-0.132	1	-0.913157
RPS24	-0.132	1	-0.913157
UBA3	-0.132	1	-0.913157
UBR4	-0.132	1	-0.913157
UBXN6	-0.132	1	-0.913157
XPOT	-0.133	1	-0.920075
PON2	-0.133	1	-0.920075
PLD3	-0.133	1	-0.920075
MCTS1	-0.133	1	-0.920075
PGD	-0.133	1	-0.920075
PTPN9	-0.134	1	-0.926992
NAA15	-0.134	1	-0.926992
TTC38	-0.134	1	-0.926992
CUL4B	-0.134	1	-0.926992
HSPA12A	-0.134	1	-0.926992
NKAP	-0.135	1	-0.93391
GNL3L	-0.135	1	-0.93391
TRIM25	-0.135	1	-0.93391
MKRN2	-0.135	1	-0.93391
SLC3A2	-0.135	1	-0.93391
GNA11	-0.135	1	-0.93391
PWP2	-0.135	1	-0.93391
EIF3L	-0.135	1	-0.93391
EPHA2	-0.135	1	-0.93391
RQCD1	-0.135	1	-0.93391
TUBB3	-0.135	1	-0.93391
EED	-0.136	1	-0.940828
PRPS2	-0.136	1	-0.940828
NDUFA9	-0.136	1	-0.940828
PARVB	-0.136	1	-0.940828
RPL17	-0.137	1	-0.947746
TBCE	-0.137	1	-0.947746
DNM1L	-0.137	1	-0.947746
USP4	-0.137	1	-0.947746
SFRS11	-0.137	1	-0.947746
PSPC1	-0.137	1	-0.947746
FOXP1	-0.138	1	-0.954664
MRPL23	-0.138	1	-0.954664
POLE2	-0.138	1	-0.954664
MAP4K3	-0.139	1	-0.961582
TUBB2A	-0.139	1	-0.961582
TUBB	-0.139	1	-0.961582
COG1	-0.139	1	-0.961582
PRPF4	-0.14	1	-0.9685
FASTKD1	-0.14	1	-0.9685
DDX41	-0.141	1	-0.975417
FLNB	-0.141	1	-0.975417
HEATR2	-0.141	1	-0.975417
POLA1	-0.141	1	-0.975417
CYFIP1	-0.141	1	-0.975417
GEN1	-0.141	1	-0.975417
RBPMS2	-0.141	1	-0.975417
FUCA2	-0.141	1	-0.975417
ARMC9	-0.141	1	-0.975417
TUBB2B	-0.141	1	-0.975417
SEC24A	-0.141	1	-0.975417
ULK3	-0.141	1	-0.975417
TSPYL1	-0.141	1	-0.975417
RBM19	-0.142	1	-0.982335
PTK2	-0.142	1	-0.982335
PITRM1	-0.142	1	-0.982335
MYO1B	-0.143	1	-0.989253
ABHD13	-0.143	1	-0.989253
BPHL	-0.143	1	-0.989253
NOL8	-0.143	1	-0.989253
SCYL2	-0.143	1	-0.989253
ARL6	-0.143	1	-0.989253
TSEN34	-0.143	1	-0.989253
DNAJB5	-0.143	1	-0.989253
VIPAR	-0.144	1	-0.996171
APIP	-0.144	1	-0.996171
RABL2A	-0.144	1	-0.996171
TP53BP2	-0.145	1	-1.00309
C9ORF64	-0.145	1	-1.00309
DOCK11	-0.146	1	-1.01001
GGA2	-0.146	1	-1.01001
PRPS1	-0.146	1	-1.01001
MPP6	-0.146	1	-1.01001
EIF3E	-0.146	1	-1.01001
NHLRC2	-0.146	1	-1.01001
PFKM	-0.147	1	-1.01692
SERPINH1	-0.147	1	-1.01692
HELZ	-0.147	1	-1.01692
ARL2	-0.147	1	-1.01692
OMA1	-0.147	1	-1.01692
RUFY3	-0.147	1	-1.01692
LASS6	-0.148	1	-1.02384
RBM17	-0.148	1	-1.02384
C17ORF61	-0.149	1	-1.03076
MAD1L1	-0.149	1	-1.03076
SLC35A3	-0.149	1	-1.03076
VPS13C	-0.149	1	-1.03076
MRPL24	-0.15	1	-1.03768
CMPK1	-0.15	1	-1.03768
PABPC1	-0.15	1	-1.03768
MED12	-0.15	1	-1.03768
VPS36	-0.15	1	-1.03768
CNOT10	-0.15	1	-1.03768
MAP2K1	-0.15	1	-1.03768
SLC12A2	-0.15	1	-1.03768
TRAPPC5	-0.15	1	-1.03768
EPB41L3	-0.151	1	-1.0446
C3ORF26	-0.151	1	-1.0446
OSBPL11	-0.151	1	-1.0446
FBL	-0.151	1	-1.0446
GDI2	-0.151	1	-1.0446
UBTF	-0.151	1	-1.0446
WRNIP1	-0.152	1	-1.05151
RICTOR	-0.152	1	-1.05151
UBA1	-0.152	1	-1.05151
PDPK1	-0.153	1	-1.05843
GLMN	-0.153	1	-1.05843
DNAJB6	-0.154	1	-1.06535
FPGT	-0.154	1	-1.06535
PRKD2	-0.155	1	-1.07227
RPS6KB1	-0.155	1	-1.07227
MRPL9	-0.155	1	-1.07227
CDYL	-0.155	1	-1.07227
NLRX1	-0.155	1	-1.07227
MST4	-0.155	1	-1.07227
FAM49A	-0.155	1	-1.07227
COPS2	-0.156	1	-1.07919
ZNF385A	-0.156	1	-1.07919
NDRG3	-0.156	1	-1.07919
GCDH	-0.156	1	-1.07919
TBC1D7	-0.156	1	-1.07919
STARD9	-0.157	1	-1.0861
EHHADH	-0.157	1	-1.0861
SNF8	-0.157	1	-1.0861
EIF5A	-0.157	1	-1.0861
DYNC1LI2	-0.157	1	-1.0861
RNPEP	-0.157	1	-1.0861
MT-ND1	-0.157	1	-1.0861
ACO1	-0.157	1	-1.0861
PPP2CB	-0.157	1	-1.0861
PTPN14	-0.158	1	-1.09302
ARF4	-0.158	1	-1.09302
ARF5	-0.158	1	-1.09302
DLAT	-0.158	1	-1.09302
CNN3	-0.158	1	-1.09302
SERPINB1	-0.158	1	-1.09302
CSK	-0.159	1	-1.09994
ZCCHC17	-0.16	1	-1.10686
COG7	-0.16	1	-1.10686
MYO1D	-0.161	1	-1.11377
DDT	-0.161	1	-1.11377
PKM2	-0.161	1	-1.11377
PYGB	-0.161	1	-1.11377
HSPD1	-0.162	1	-1.12069
SEC31A	-0.163	1	-1.12761
ZNF512B	-0.163	1	-1.12761
KLHL9	-0.163	1	-1.12761
PRUNE	-0.164	1	-1.13453
NDUFA7	-0.164	1	-1.13453
PRKAR2B	-0.164	1	-1.13453
DUS3L	-0.164	1	-1.13453
ATIC	-0.165	1	-1.14145
POLR2B	-0.165	1	-1.14145
ZDHHC17	-0.165	1	-1.14145
ACP1	-0.165	1	-1.14145
GNE	-0.166	1	-1.14836
AK6	-0.166	1	-1.14836
TBC1D4	-0.166	1	-1.14836
LGTN	-0.166	1	-1.14836
TIPRL	-0.166	1	-1.14836
DGKA	-0.166	1	-1.14836
UBAP2L	-0.166	1	-1.14836
BCCIP	-0.167	1	-1.15528
CAPN2	-0.167	1	-1.15528
GARS	-0.168	1	-1.1622
IDE	-0.168	1	-1.1622
HPRT1	-0.168	1	-1.1622
MTX3	-0.169	1	-1.16912
PKN1	-0.169	1	-1.16912
PIK3C3	-0.169	1	-1.16912
CAMK2D	-0.17	1	-1.17604
VTA1	-0.17	1	-1.17604
GSPT1	-0.17	1	-1.17604
AURKA	-0.17	1	-1.17604
ANAPC7	-0.17	1	-1.17604
SNX7	-0.17	1	-1.17604
SH3PXD2B	-0.17	1	-1.17604
AIMP2	-0.171	1	-1.18295
AP2B1	-0.171	1	-1.18295
UBE2I	-0.171	1	-1.18295
PKP2	-0.172	1	-1.18987
BRE	-0.173	1	-1.19679
GTPBP1	-0.174	1	-1.20371
EEF1A2	-0.174	1	-1.20371
BZW1	-0.175	1	-1.21062
YARS	-0.175	1	-1.21062
SMEK1	-0.175	1	-1.21062
EEF1A1	-0.176	1	-1.21754
TROVE2	-0.176	1	-1.21754
AKT1	-0.176	1	-1.21754
ISG20L2	-0.177	1	-1.22446
MPP1	-0.177	1	-1.22446
SMARCAL1	-0.178	1	-1.23138
FADS1	-0.178	1	-1.23138
NAF1	-0.178	1	-1.23138
FBXO9	-0.179	1	-1.2383
C15ORF24	-0.179	1	-1.2383
GATAD1	-0.179	1	-1.2383
MTPAP	-0.18	1	-1.24521
EXOC1	-0.18	1	-1.24521
NIP7	-0.181	1	-1.25213
LARS	-0.181	1	-1.25213
MOCS2	-0.181	1	-1.25213
RAB21	-0.182	1	-1.25905
SAR1B	-0.182	1	-1.25905
EHD1	-0.182	1	-1.25905
CCT7	-0.182	1	-1.25905
C3ORF58	-0.183	1	-1.26597
RAPGEF6	-0.184	1	-1.27289
IFT122	-0.184	1	-1.27289
DOPEY2	-0.184	1	-1.27289
PACS1	-0.184	1	-1.27289
METTL7A	-0.184	1	-1.27289
HLTF	-0.185	1	-1.2798
MRPS35	-0.185	1	-1.2798
CDC42EP1	-0.186	1	-1.28672
CYFIP2	-0.187	1	-1.29364
UBE2D1	-0.187	1	-1.29364
ASNS	-0.187	1	-1.29364
SC4MOL	-0.187	1	-1.29364
ZCCHC11	-0.187	1	-1.29364
IPO8	-0.188	1	-1.30056
TUBD1	-0.188	1	-1.30056
IDI1	-0.189	1	-1.30747
KATNB1	-0.19	1	-1.31439
CTU2	-0.191	1	-1.32131
IFIT5	-0.191	1	-1.32131
SF3B2	-0.192	1	-1.32823
AP3M2	-0.192	1	-1.32823
TWF1	-0.192	1	-1.32823
RBM12	-0.193	1	-1.33515
QPCTL	-0.193	1	-1.33515
PIGS	-0.194	1	-1.34206
ZNF622	-0.195	1	-1.34898
VPS16	-0.195	1	-1.34898
SAR1A	-0.196	1	-1.3559
SYNJ1	-0.196	1	-1.3559
PSMD7	-0.198	1	-1.36974
COASY	-0.198	1	-1.36974
VPS33B	-0.199	1	-1.37665
CYP51A1	-0.199	1	-1.37665
SEC11C	-0.2	1	-1.38357
NSA2	-0.202	1	-1.39741
DUSP9	-0.202	1	-1.39741
NXN	-0.202	1	-1.39741
AP2A1	-0.203	1	-1.40432
VPS4A	-0.203	1	-1.40432
TMLHE	-0.203	1	-1.40432
MPI	-0.203	1	-1.40432
MTR	-0.203	1	-1.40432
LDLRAP1	-0.203	1	-1.40432
HSPA4L	-0.204	1	-1.41124
DRG2	-0.204	1	-1.41124
LYPLA2	-0.204	1	-1.41124
PAFAH1B3	-0.204	1	-1.41124
RPSA	-0.205	1	-1.41816
ALDH1L2	-0.205	1	-1.41816
PHGDH	-0.205	1	-1.41816
PRMT5	-0.206	1	-1.42508
FERMT2	-0.206	1	-1.42508
EEF1E1	-0.206	1	-1.42508
HK1	-0.206	1	-1.42508
EXOSC3	-0.206	1	-1.42508
SLC1A4	-0.207	1	-1.432
PRKCA	-0.208	1	-1.43891
ESF1	-0.208	1	-1.43891
RPL18	-0.209	1	-1.44583
RHEB	-0.209	1	-1.44583
NOL6	-0.209	1	-1.44583
COTL1	-0.21	1	-1.45275
CDIPT	-0.21	1	-1.45275
RAB34	-0.21	1	-1.45275
UBE4A	-0.21	1	-1.45275
LNPEP	-0.211	1	-1.45967
ITPK1	-0.211	1	-1.45967
SENP1	-0.212	1	-1.46659
PRKRA	-0.212	1	-1.46659
MAP2K6	-0.212	1	-1.46659
ATXN2L	-0.212	1	-1.46659
EFTUD1	-0.213	1	-1.4735
NDUFB10	-0.214	1	-1.48042
HEATR5B	-0.215	1	-1.48734
ARF1	-0.215	1	-1.48734
TMEM201	-0.215	1	-1.48734
AP2A2	-0.215	1	-1.48734
CCNC	-0.216	1	-1.49426
NSUN5	-0.216	1	-1.49426
MOBKL1A	-0.216	1	-1.49426
ARL5B	-0.217	1	-1.50117
LSM4	-0.217	1	-1.50117
EIF2B4	-0.217	1	-1.50117
ZFYVE21	-0.217	1	-1.50117
CAMK2G	-0.218	1	-1.50809
NCOR1	-0.218	1	-1.50809
TLN1	-0.218	1	-1.50809
FRMD6	-0.218	1	-1.50809
EIF4ENIF1	-0.218	1	-1.50809
MORF4L1	-0.219	1	-1.51501
BRP44	-0.22	1	-1.52193
RTCD1	-0.22	1	-1.52193
PCMT1	-0.221	1	-1.52885
UPP1	-0.223	1	-1.54268
DHX34	-0.223	1	-1.54268
EIF2S1	-0.223	1	-1.54268
PCK2	-0.223	1	-1.54268
ACOT7	-0.223	1	-1.54268
HDAC6	-0.224	1	-1.5496
RAD54L2	-0.225	1	-1.55652
ACOT1	-0.225	1	-1.55652
CHD1L	-0.226	1	-1.56343
COPS5	-0.226	1	-1.56343
UGGT1	-0.227	1	-1.57035
CNN2	-0.227	1	-1.57035
C2ORF56	-0.227	1	-1.57035
RPA3	-0.227	1	-1.57035
PFN2	-0.229	1	-1.58419
AGTPBP1	-0.229	1	-1.58419
CPSF3L	-0.229	1	-1.58419
MAT2A	-0.229	1	-1.58419
BAT2L1	-0.229	1	-1.58419
IQSEC1	-0.23	1	-1.59111
RPL27A	-0.231	1	-1.59802
AASDHPPT	-0.231	1	-1.59802
POLR1A	-0.232	1	-1.60494
RINT1	-0.232	1	-1.60494
SF1	-0.233	1	-1.61186
VAPB	-0.234	1	-1.61878
PAN2	-0.236	1	-1.63261
CLN8	-0.236	1	-1.63261
DBN1	-0.238	1	-1.64645
SMAP2	-0.238	1	-1.64645
ZNF740	-0.238	1	-1.64645
EIF3B	-0.238	1	-1.64645
EIF1AX	-0.238	1	-1.64645
ESRP2	-0.24	1	-1.66028
SNX30	-0.24	1	-1.66028
HK2	-0.24	1	-1.66028
RPL23	-0.241	1	-1.6672
GCLC	-0.241	1	-1.6672
SDHD	-0.241	1	-1.6672
DNAJC13	-0.242	1	-1.67412
AMMECR1	-0.243	1	-1.68104
AACS	-0.243	1	-1.68104
IGHMBP2	-0.243	1	-1.68104
SDCBP	-0.243	1	-1.68104
ABTB2	-0.244	1	-1.68796
CBX2	-0.244	1	-1.68796
APRT	-0.244	1	-1.68796
PFKP	-0.245	1	-1.69487
KATNA1	-0.245	1	-1.69487
AGFG2	-0.245	1	-1.69487
FLNC	-0.246	1	-1.70179
HIPK2	-0.246	1	-1.70179
ISYNA1	-0.247	1	-1.70871
NCOR2	-0.248	1	-1.71563
PARP1	-0.248	1	-1.71563
DUSP3	-0.248	1	-1.71563
PAQR4	-0.248	1	-1.71563
ZMYM1	-0.248	1	-1.71563
USP11	-0.25	1	-1.72946
SUZ12	-0.25	1	-1.72946
RPL24	-0.251	1	-1.73638
MAPKAPK2	-0.252	1	-1.7433
CUL2	-0.253	1	-1.75022
WHSC2	-0.254	1	-1.75713
ARPC1B	-0.254	1	-1.75713
MTIF2	-0.256	1	-1.77097
NUBP2	-0.257	1	-1.77789
STRBP	-0.258	1	-1.78481
CBWD2	-0.259	1	-1.79172
MMS19	-0.261	1	-1.80556
WDR36	-0.262	1	-1.81248
ACOT13	-0.263	1	-1.8194
TIMM44	-0.263	1	-1.8194
SCCPDH	-0.264	1	-1.82631
CDC73	-0.264	1	-1.82631
RNF160	-0.264	1	-1.82631
WDR19	-0.265	1	-1.83323
MRPL28	-0.265	1	-1.83323
NAA35	-0.265	1	-1.83323
KPNA3	-0.267	1	-1.84707
HECA	-0.267	1	-1.84707
RPL27	-0.269	1	-1.8609
PDXP	-0.269	1	-1.8609
CSTF3	-0.27	1	-1.86782
DNAJB4	-0.27	1	-1.86782
SULT1A1	-0.27	1	-1.86782
EIF3F	-0.271	1	-1.87474
ERI3	-0.271	1	-1.87474
DOCK1	-0.272	1	-1.88166
DYM	-0.273	1	-1.88857
ALDH4A1	-0.273	1	-1.88857
PLEKHG1	-0.273	1	-1.88857
KIAA0196	-0.273	1	-1.88857
VPS13A	-0.274	1	-1.89549
INTS6	-0.275	1	-1.90241
GYS1	-0.276	1	-1.90933
CISD1	-0.276	1	-1.90933
HEATR6	-0.277	1	-1.91625
C2ORF44	-0.277	1	-1.91625
POLR1B	-0.279	1	-1.93008
QIL1	-0.28	1	-1.937
RAPGEF2	-0.281	1	-1.94392
DVL2	-0.281	1	-1.94392
WASL	-0.281	1	-1.94392
DOLPP1	-0.283	1	-1.95775
ITM2C	-0.284	1	-1.96467
KIF16B	-0.286	1	-1.97851
CCAR1	-0.286	1	-1.97851
NDUFAF3	-0.286	1	-1.97851
EXOC3	-0.286	1	-1.97851
C12ORF23	-0.292	1	-2.02001
AMFR	-0.292	1	-2.02001
C3ORF38	-0.293	1	-2.02693
TPP2	-0.294	1	-2.03385
ALDH1L1	-0.294	1	-2.03385
XRCC6	-0.295	1	-2.04077
GFPT2	-0.295	1	-2.04077
NAE1	-0.298	1	-2.06152
MBD4	-0.3	1	-2.07536
XPO6	-0.3	1	-2.07536
NUDT16L1	-0.302	1	-2.08919
SMUG1	-0.305	1	-2.10995
C17ORF42	-0.306	1	-2.11686
ST13	-0.307	1	-2.12378
ECD	-0.31	1	-2.14453
HDAC8	-0.31	1	-2.14453
STX5	-0.312	1	-2.15837
NF1	-0.312	1	-2.15837
IDH1	-0.315	1	-2.17912
EIF4E2	-0.317	1	-2.19296
TPRKB	-0.322	1	-2.22755
PHKB	-0.323	1	-2.23447
MYO9A	-0.326	1	-2.25522
MYO9B	-0.326	1	-2.25522
EDRF1	-0.328	1	-2.26906
RNH1	-0.329	1	-2.27597
PRKCQ	-0.329	1	-2.27597
FSCN1	-0.33	1	-2.28289
GPD1L	-0.332	1	-2.29673
ASPH	-0.332	1	-2.29673
ZNF33A	-0.335	1	-2.31748
AP4S1	-0.335	1	-2.31748
NUDT2	-0.335	1	-2.31748
GOLPH3	-0.339	1	-2.34515
HIST1H2AB	-0.34	1	-2.35207
HIST2H2AC	-0.34	1	-2.35207
TTC39A	-0.34	1	-2.35207
FDFT1	-0.341	1	-2.35899
DONSON	-0.341	1	-2.35899
SSBP1	-0.343	1	-2.37282
RPA1	-0.346	1	-2.39358
SLC7A3	-0.346	1	-2.39358
ANLN	-0.347	1	-2.4005
PRTFDC1	-0.348	1	-2.40741
INPP4A	-0.351	1	-2.42817
EIF2C2	-0.353	1	-2.442
PSEN1	-0.353	1	-2.442
TPR	-0.355	1	-2.45584
CLN6	-0.359	1	-2.48351
SERPINB6	-0.361	1	-2.49735
PPP1R8	-0.367	1	-2.53885
TFDP1	-0.367	1	-2.53885
FTO	-0.367	1	-2.53885
RAC1	-0.37	1	-2.55961
XRCC5	-0.376	1	-2.60111
NDUFAF4	-0.376	1	-2.60111
POLR3A	-0.377	1	-2.60803
MUM1	-0.38	1	-2.62878
FHL1	-0.381	1	-2.6357
C9ORF125	-0.381	1	-2.6357
METTL7B	-0.383	1	-2.64954
FIGNL1	-0.393	1	-2.71872
RCOR3	-0.396	1	-2.73947
METT10D	-0.4	1	-2.76714
PAPD4	-0.404	1	-2.79481
DVL3	-0.406	1	-2.80865
SMN1	-0.415	1	-2.87091
KDM4B	-0.425	1	-2.94009
AP1G2	-0.428	1	-2.96084
EXOSC1	-0.436	1	-3.01618
MYO1C	-0.443	1	-3.06461
CKAP2	-0.447	1	-3.09228
ASS1	-0.452	1	-3.12687
VPS25	-0.452	1	-3.12687
GLI3	-0.459	1	-3.17529
COIL	-0.471	1	-3.25831
ARL3	-0.472	1	-3.26523
MTFMT	-0.475	1	-3.28598
INTS3	-0.482	1	-3.33441
G3BP2	-0.496	1	-3.43126
HSPA13	-0.498	1	-3.44509
TFDP2	-0.502	1	-3.47276
MCAT	-0.505	1	-3.49352
TRUB1	-0.509	1	-3.52119
SNRPF	-0.511	1	-3.53502
DDX42	-0.518	1	-3.58345
SLC30A5	-0.523	1	-3.61804
C3ORF1	-0.528	1	-3.65263
UPRT	-0.53	1	-3.66646
TMEM14C	-0.558	1	-3.86016
HIGD1A	-0.558	1	-3.86016
SNRPD2	-0.567	1	-3.92242
ACSF2	-0.571	1	-3.95009
CNNM3	-0.576	1	-3.98468
PTDSS1	-0.583	1	-4.03311
FAF1	-0.595	1	-4.11612
PARG	-0.61	1	-4.21989
VPS13D	-0.651	1	-4.50352
C8ORF38	-0.674	1	-4.66263
SELENBP1	-0.686	1	-4.74565
NAB2	-0.729	1	-5.04312
RPL36	-0.782	1	-5.40976
SNRPE	-0.915	1	-6.32984
CORO2A	-1.019	1	-7.04929
POLQ	-1.067	1	-7.38135
