name	logFC	P.Value	t
MRPL17	3.283	1	19.166
ZNF7	3.084	1	18.0039
AMBRA1	2.762	1	16.1235
ZNF16	2.744	1	16.0184
ZNF235	2.744	1	16.0184
ZNF223	2.744	1	16.0184
REPIN1	2.731	1	15.9425
ZNF234	2.679	1	15.6388
ZNF660	2.679	1	15.6388
MT-CO3	2.608	1	15.2242
DTX2	2.57	1	15.0023
EBP	2.483	1	14.4943
PEX16	2.425	1	14.1555
ZNF229	2.422	1	14.138
ZNF167	2.418	1	14.1147
CHAF1B	2.378	1	13.8811
KIF23	2.374	1	13.8577
FOXP2	2.357	1	13.7584
GTSE1	2.346	1	13.6942
ZNF860	2.341	1	13.665
WFS1	2.314	1	13.5073
TP53	2.298	1	13.4139
ZNF624	2.25	1	13.1336
SPTAN1	2.226	1	12.9934
PCNT	2.212	1	12.9117
TRIP6	2.17	1	12.6664
RBM10	2.149	1	12.5438
NTHL1	2.144	1	12.5146
ZNF571	2.138	1	12.4795
HIST1H4A	2.127	1	12.4153
TARBP1	2.067	1	12.0649
PLEKHA5	2.065	1	12.0532
RACGAP1	2.065	1	12.0532
PTGES3	2.062	1	12.0357
CTH	2.014	1	11.7554
MLL	1.964	1	11.4634
VIM	1.92	1	11.2065
GATAD2B	1.91	1	11.1481
CYBA	1.905	1	11.1189
MYH9	1.894	1	11.0546
TAB2	1.892	1	11.043
MYST4	1.884	1	10.9962
ATXN2	1.875	1	10.9437
EWSR1	1.859	1	10.8502
CMTM4	1.824	1	10.6459
NEFM	1.771	1	10.3364
ZNF117	1.761	1	10.278
TCOF1	1.754	1	10.2371
C1ORF77	1.735	1	10.1261
ZNF420	1.725	1	10.0677
MYH10	1.72	1	10.0385
RPS23	1.698	1	9.91005
SNRNP70	1.692	1	9.87501
MT-ATP6	1.655	1	9.65894
DSG2	1.653	1	9.64726
RDH14	1.644	1	9.5947
TBC1D5	1.643	1	9.58886
SCD5	1.635	1	9.54215
TMED3	1.624	1	9.47791
INA	1.579	1	9.21512
ZNF35	1.574	1	9.18592
LAGE3	1.566	1	9.1392
NEFL	1.549	1	9.03993
ZNF286A	1.535	1	8.95817
ZNF184	1.535	1	8.95817
BUB1	1.535	1	8.95817
ZNF195	1.535	1	8.95817
SCD	1.529	1	8.92313
STX12	1.502	1	8.76546
THRAP3	1.493	1	8.7129
SLTM	1.49	1	8.69538
ZNF76	1.472	1	8.59027
MUTYH	1.414	1	8.25156
SURF6	1.409	1	8.22236
CDKN2A	1.383	1	8.07053
ETV3	1.36	1	7.93622
CTNNB1	1.311	1	7.65007
RABL4	1.309	1	7.63839
CAMLG	1.302	1	7.59751
CIT	1.282	1	7.48072
ZNF430	1.272	1	7.42232
MAT2B	1.258	1	7.34056
MAP4	1.24	1	7.23545
DUT	1.24	1	7.23545
SIK3	1.233	1	7.19457
VAPA	1.224	1	7.14201
ZNF724P	1.21	1	7.06025
KRT8	1.206	1	7.03689
DSP	1.199	1	6.99602
TSPO	1.186	1	6.9201
KRT18	1.179	1	6.87922
PAPD7	1.178	1	6.87338
SRRM2	1.176	1	6.8617
MOXD1	1.168	1	6.81498
ZNF71	1.155	1	6.73907
RIOK1	1.152	1	6.72155
OTUD4	1.151	1	6.71571
USP5	1.143	1	6.66899
LIMA1	1.122	1	6.54636
SON	1.112	1	6.48796
SBSN	1.099	1	6.41204
MAN1A2	1.096	1	6.39452
BAT2	1.074	1	6.26605
TBC1D10B	1.063	1	6.20181
ADAP1	1.061	1	6.19013
RPL32	1.054	1	6.14925
NAP1L1	1.044	1	6.09086
ZXDC	1.041	1	6.07334
SGK3	1.025	1	5.9799
FSD1	1.021	1	5.95654
KIF3B	1.021	1	5.95654
POM121C	1.019	1	5.94486
LUZP1	1.006	1	5.86895
RNF138	1	1	5.83391
EFTUD2	0.998	1	5.82223
TEAD4	0.995	1	5.80471
MYO1D	0.994	1	5.79887
MLF2	0.985	1	5.74631
POP1	0.984	1	5.74047
HIST1H3A	0.983	1	5.73463
KIAA0100	0.977	1	5.69959
NKAP	0.974	1	5.68207
XRCC1	0.961	1	5.60616
ZNF22	0.949	1	5.53608
CDC34	0.935	1	5.45432
KIF18A	0.934	1	5.44848
NME4	0.927	1	5.40761
ADO	0.926	1	5.40177
TAZ	0.924	1	5.39009
RBM14	0.92	1	5.36673
POLR3E	0.912	1	5.32001
CLIC4	0.91	1	5.30833
MRPS14	0.907	1	5.29081
TP53I11	0.901	1	5.25577
FAM120B	0.897	1	5.23241
RPL18A	0.894	1	5.21489
PFN1	0.883	1	5.15066
DULLARD	0.881	1	5.13898
SMG7	0.88	1	5.13314
MBLAC2	0.88	1	5.13314
CEP55	0.87	1	5.07474
BRP44L	0.869	1	5.0689
ODR4	0.862	1	5.02802
JUP	0.862	1	5.02802
GATAD2A	0.85	1	4.95795
CCDC59	0.846	1	4.93459
ARPC4	0.846	1	4.93459
MBOAT7	0.837	1	4.88203
SAMD1	0.825	1	4.81195
RPL10	0.812	1	4.73603
RPL28	0.802	1	4.67764
HRNR	0.801	1	4.6718
PDP2	0.792	1	4.61924
RPL37	0.79	1	4.60756
TAP1	0.785	1	4.57836
KIAA1012	0.781	1	4.555
PHC1	0.774	1	4.51412
FLG2	0.769	1	4.48493
KRT6C	0.768	1	4.47909
ISCU	0.766	1	4.46741
TSGA14	0.765	1	4.46157
CUL7	0.765	1	4.46157
KIF1B	0.764	1	4.45573
FAM57A	0.76	1	4.43237
IMPACT	0.757	1	4.41485
MBNL3	0.753	1	4.39149
H2AFZ	0.752	1	4.38565
ST13	0.752	1	4.38565
PABPC1	0.749	1	4.36813
ARHGEF11	0.747	1	4.35645
NCOA2	0.747	1	4.35645
WDTC1	0.746	1	4.35061
KIF14	0.746	1	4.35061
RPL19	0.742	1	4.32725
PLEKHA7	0.742	1	4.32725
RPL29	0.739	1	4.30973
MAZ	0.723	1	4.2163
SPTBN1	0.723	1	4.2163
ZNF146	0.722	1	4.21046
SUN2	0.719	1	4.19294
SERBP1	0.718	1	4.1871
ACTA2	0.712	1	4.15206
SLC22A18	0.71	1	4.14038
FNDC3B	0.703	1	4.0995
SEC61B	0.695	1	4.05278
MBNL1	0.695	1	4.05278
OLA1	0.694	1	4.04694
KRT16	0.693	1	4.0411
ACTC1	0.693	1	4.0411
GLTSCR2	0.693	1	4.0411
ABCF1	0.687	1	4.00607
ZNF250	0.686	1	4.00023
MGST1	0.686	1	4.00023
HIBCH	0.682	1	3.97687
TSC2	0.673	1	3.92431
GPS1	0.672	1	3.91847
CXXC1	0.671	1	3.91263
SMARCAD1	0.667	1	3.88927
ZNF598	0.663	1	3.86591
SUCLG1	0.663	1	3.86591
LUC7L	0.662	1	3.86007
SCAMP2	0.658	1	3.83671
PEX10	0.655	1	3.81919
PGM1	0.649	1	3.78416
KBTBD11	0.645	1	3.7608
PLS3	0.645	1	3.7608
DDT	0.642	1	3.74328
KHDRBS1	0.642	1	3.74328
WDR19	0.641	1	3.73744
ERCC4	0.637	1	3.71408
MRPL18	0.636	1	3.70824
EMD	0.635	1	3.7024
MDH2	0.633	1	3.69072
KRT2	0.629	1	3.66736
CDC42BPA	0.628	1	3.66152
UTRN	0.626	1	3.64984
MYO6	0.626	1	3.64984
HNRNPA1	0.624	1	3.63816
IRF2BP1	0.621	1	3.62064
REEP4	0.621	1	3.62064
SCMH1	0.621	1	3.62064
CCDC109B	0.615	1	3.5856
KRT19	0.608	1	3.54473
PTPLB	0.605	1	3.52721
ATIC	0.605	1	3.52721
SH3BP4	0.604	1	3.52137
DUSP11	0.603	1	3.51553
RPS26	0.602	1	3.50969
TCF25	0.6	1	3.49801
ZBTB24	0.591	1	3.44545
TAP2	0.59	1	3.43961
HNRNPA2B1	0.588	1	3.42793
ABCB8	0.585	1	3.41041
YTHDC1	0.584	1	3.40457
HTATSF1	0.578	1	3.36953
KRT5	0.577	1	3.36369
PSMB5	0.575	1	3.35201
HIST1H2AB	0.574	1	3.34617
HIST2H2AC	0.574	1	3.34617
MYO1B	0.572	1	3.3345
AVL9	0.571	1	3.32866
ZNF316	0.568	1	3.31114
PRKCI	0.566	1	3.29946
ZNF620	0.565	1	3.29362
LMNB2	0.564	1	3.28778
VPS18	0.558	1	3.25274
ZC3H18	0.554	1	3.22938
NDNL2	0.551	1	3.21186
VCPIP1	0.546	1	3.18266
TARSL2	0.544	1	3.17098
CSNK2B	0.542	1	3.1593
PHLDB2	0.535	1	3.11842
RBMS2	0.533	1	3.10675
CRKL	0.533	1	3.10675
YWHAB	0.532	1	3.10091
PNKD	0.529	1	3.08339
ZKSCAN4	0.527	1	3.07171
RPAP1	0.526	1	3.06587
SLC35E1	0.525	1	3.06003
PGRMC1	0.523	1	3.04835
CACYBP	0.522	1	3.04251
NGDN	0.517	1	3.01331
KRT10	0.516	1	3.00747
PGAM5	0.511	1	2.97827
NSA2	0.51	1	2.97243
YWHAH	0.509	1	2.96659
PLEC1	0.506	1	2.94907
TAB1	0.503	1	2.93155
KRT14	0.502	1	2.92571
GRAMD1A	0.5	1	2.91403
LSM12	0.499	1	2.90819
RPL22L1	0.499	1	2.90819
ZNF3	0.496	1	2.89067
GLRX3	0.496	1	2.89067
CLPTM1	0.495	1	2.88483
GNB1	0.495	1	2.88483
PARD3	0.494	1	2.879
HERC2	0.494	1	2.879
ZNF354A	0.492	1	2.86732
MIB2	0.491	1	2.86148
KRT77	0.49	1	2.85564
TMEM14C	0.487	1	2.83812
ANXA6	0.484	1	2.8206
YWHAZ	0.481	1	2.80308
POM121	0.48	1	2.79724
PPIA	0.472	1	2.75052
FHOD1	0.469	1	2.733
RPL36	0.469	1	2.733
XRCC3	0.466	1	2.71548
CEP192	0.463	1	2.69796
CORO7	0.463	1	2.69796
ZNF214	0.463	1	2.69796
FITM2	0.46	1	2.68044
RPS27A	0.459	1	2.6746
RBMX	0.453	1	2.63957
SEC61A1	0.452	1	2.63373
DBN1	0.452	1	2.63373
NUMB	0.45	1	2.62205
CLCN7	0.448	1	2.61037
PTPN9	0.448	1	2.61037
RRAGC	0.445	1	2.59285
LETMD1	0.444	1	2.58701
RBM12B	0.441	1	2.56949
UTP3	0.44	1	2.56365
BAZ1A	0.439	1	2.55781
HNRPLL	0.439	1	2.55781
SCML2	0.435	1	2.53445
RPF1	0.434	1	2.52861
ALG6	0.434	1	2.52861
AMOT	0.434	1	2.52861
SUMO1	0.433	1	2.52277
HNRNPR	0.431	1	2.51109
DYNLL1	0.428	1	2.49357
AUP1	0.428	1	2.49357
PRKD1	0.427	1	2.48773
YWHAQ	0.424	1	2.47021
TPP1	0.424	1	2.47021
YWHAE	0.424	1	2.47021
RPL36A	0.42	1	2.44685
RPS5	0.418	1	2.43517
GRB2	0.418	1	2.43517
RFT1	0.417	1	2.42933
ZNF295	0.414	1	2.41182
DNAJC16	0.413	1	2.40598
RP9	0.413	1	2.40598
RPS6	0.413	1	2.40598
SYNCRIP	0.413	1	2.40598
RPS11	0.411	1	2.3943
WRB	0.411	1	2.3943
HNRNPA3	0.409	1	2.38262
HNRNPC	0.409	1	2.38262
PACS1	0.405	1	2.35926
GPR50	0.402	1	2.34174
INADL	0.401	1	2.3359
COPB2	0.401	1	2.3359
MAP7D1	0.4	1	2.33006
ARPC3	0.397	1	2.31254
SPC24	0.392	1	2.28334
ROD1	0.389	1	2.26582
HNRNPAB	0.387	1	2.25414
VCL	0.385	1	2.24246
ZNF480	0.383	1	2.23078
LMAN1	0.382	1	2.22494
DEF	0.382	1	2.22494
PFN2	0.381	1	2.2191
SFPQ	0.379	1	2.20742
RTN3	0.375	1	2.18407
ARHGAP8	0.373	1	2.17239
RPL8	0.369	1	2.14903
ARMC1	0.368	1	2.14319
MAP4K4	0.367	1	2.13735
SCAMP1	0.366	1	2.13151
C1ORF124	0.365	1	2.12567
ABTB2	0.365	1	2.12567
RPL14	0.364	1	2.11983
DDX41	0.362	1	2.10815
CHMP2B	0.358	1	2.08479
CARS2	0.358	1	2.08479
SUZ12	0.358	1	2.08479
THADA	0.356	1	2.07311
MTA2	0.355	1	2.06727
C20ORF24	0.354	1	2.06143
ETHE1	0.353	1	2.05559
HDDC3	0.352	1	2.04975
SLC30A7	0.352	1	2.04975
INPP5K	0.352	1	2.04975
TBK1	0.352	1	2.04975
RPL26	0.35	1	2.03807
RPL26L1	0.35	1	2.03807
C17ORF62	0.35	1	2.03807
RPL35A	0.346	1	2.01471
NUMA1	0.344	1	2.00303
PGP	0.344	1	2.00303
TRAF3IP2	0.341	1	1.98551
FARP1	0.341	1	1.98551
ARID1A	0.34	1	1.97967
PEX11B	0.339	1	1.97383
RFC3	0.334	1	1.94464
NDUFS7	0.334	1	1.94464
FUS	0.333	1	1.9388
TRRAP	0.333	1	1.9388
PRMT5	0.333	1	1.9388
ZIC3	0.331	1	1.92712
SEC61A2	0.33	1	1.92128
NME7	0.329	1	1.91544
SUGT1	0.329	1	1.91544
MRPL4	0.328	1	1.9096
CTBP1	0.327	1	1.90376
ZNF828	0.325	1	1.89208
KDM2A	0.324	1	1.88624
PRKD2	0.324	1	1.88624
UBA1	0.323	1	1.8804
RBM28	0.32	1	1.86288
SPNS1	0.319	1	1.85704
ASNSD1	0.318	1	1.8512
RPL7A	0.318	1	1.8512
GRHPR	0.318	1	1.8512
LUC7L2	0.317	1	1.84536
DHRS1	0.317	1	1.84536
KDELR1	0.313	1	1.822
C21ORF57	0.312	1	1.81616
EEF1B2	0.311	1	1.81032
RBMS1	0.31	1	1.80448
SMG1	0.31	1	1.80448
C15ORF61	0.31	1	1.80448
CSNK1G2	0.31	1	1.80448
UPP1	0.31	1	1.80448
SLC12A6	0.309	1	1.79864
MT-ND4	0.308	1	1.7928
CDC42BPB	0.305	1	1.77528
ZFP1	0.305	1	1.77528
MTA1	0.303	1	1.7636
RPL24	0.303	1	1.7636
BCLAF1	0.302	1	1.75776
EIF3C	0.302	1	1.75776
STYX	0.299	1	1.74024
ZNF33A	0.299	1	1.74024
RPL36AL	0.297	1	1.72857
HDAC2	0.297	1	1.72857
KIF4A	0.296	1	1.72273
SEC16A	0.293	1	1.70521
GRPEL2	0.291	1	1.69353
MRPL27	0.29	1	1.68769
UBE2E1	0.29	1	1.68769
IMP3	0.289	1	1.68185
CWC22	0.289	1	1.68185
NUBPL	0.288	1	1.67601
GPN1	0.286	1	1.66433
CARS	0.286	1	1.66433
MRPS25	0.285	1	1.65849
DNAH5	0.284	1	1.65265
ZNF703	0.284	1	1.65265
NOLC1	0.283	1	1.64681
FYTTD1	0.283	1	1.64681
ADCK1	0.283	1	1.64681
RAD51L1	0.282	1	1.64097
CCBL2	0.281	1	1.63513
SUN1	0.28	1	1.62929
TOMM40L	0.28	1	1.62929
SSRP1	0.28	1	1.62929
PKP2	0.28	1	1.62929
KRT1	0.276	1	1.60593
KIF21B	0.276	1	1.60593
POLR3B	0.276	1	1.60593
PMM2	0.276	1	1.60593
SHMT2	0.276	1	1.60593
GAPVD1	0.276	1	1.60593
PTOV1	0.276	1	1.60593
DCD	0.275	1	1.60009
REXO4	0.274	1	1.59425
FECH	0.274	1	1.59425
RPL31	0.273	1	1.58841
CDC20	0.273	1	1.58841
EIF2S2	0.273	1	1.58841
USP36	0.272	1	1.58257
RMI2	0.271	1	1.57673
PDF	0.268	1	1.55921
SSR1	0.267	1	1.55337
ORMDL1	0.266	1	1.54753
TOR1AIP2	0.266	1	1.54753
SEC31A	0.266	1	1.54753
CLPB	0.265	1	1.54169
MARK1	0.265	1	1.54169
TES	0.265	1	1.54169
SDHA	0.261	1	1.51833
PAICS	0.261	1	1.51833
PDLIM5	0.26	1	1.51249
RPL34	0.258	1	1.50081
NCAPD3	0.257	1	1.49498
IRS4	0.257	1	1.49498
ERH	0.255	1	1.4833
ZBTB10	0.255	1	1.4833
GALNT1	0.254	1	1.47746
C18ORF55	0.254	1	1.47746
PRR12	0.253	1	1.47162
WBSCR16	0.253	1	1.47162
RUVBL1	0.253	1	1.47162
SEC24C	0.252	1	1.46578
DNAJA2	0.251	1	1.45994
POLR1E	0.251	1	1.45994
RER1	0.251	1	1.45994
ADNP	0.25	1	1.4541
BIRC6	0.25	1	1.4541
VRK3	0.25	1	1.4541
MAP1S	0.25	1	1.4541
WDR8	0.25	1	1.4541
ZNF192	0.248	1	1.44242
ZWILCH	0.248	1	1.44242
C10ORF76	0.248	1	1.44242
PPTC7	0.247	1	1.43658
ACLY	0.247	1	1.43658
MPP2	0.246	1	1.43074
AKAP8L	0.246	1	1.43074
PAPSS2	0.244	1	1.41906
HELLS	0.243	1	1.41322
SRRT	0.242	1	1.40738
SATB2	0.241	1	1.40154
AGPAT2	0.241	1	1.40154
EIF5	0.241	1	1.40154
CSNK1E	0.24	1	1.3957
GOSR2	0.239	1	1.38986
AKAP8	0.239	1	1.38986
DPCD	0.239	1	1.38986
EIF3B	0.239	1	1.38986
GSTP1	0.238	1	1.38402
YIPF5	0.237	1	1.37818
RUVBL2	0.237	1	1.37818
PSMD2	0.237	1	1.37818
TMEM70	0.236	1	1.37234
EIF3I	0.235	1	1.3665
WDR6	0.234	1	1.36066
DHCR24	0.233	1	1.35482
CHUK	0.232	1	1.34898
RBM16	0.232	1	1.34898
ZC3H11A	0.231	1	1.34314
WDR7	0.231	1	1.34314
STX5	0.231	1	1.34314
EDC4	0.23	1	1.3373
EEF1G	0.23	1	1.3373
VTA1	0.23	1	1.3373
KDM4B	0.23	1	1.3373
GNS	0.229	1	1.33146
SF3B2	0.227	1	1.31978
SNRPB	0.226	1	1.31394
CTTN	0.226	1	1.31394
RPL13	0.225	1	1.3081
ITPA	0.225	1	1.3081
PSMF1	0.224	1	1.30226
EPB41L3	0.224	1	1.30226
WLS	0.223	1	1.29642
ATPAF1	0.223	1	1.29642
ACTB	0.222	1	1.29058
EIF5B	0.222	1	1.29058
ZFR	0.22	1	1.2789
HIST1H1C	0.22	1	1.2789
HP1BP3	0.219	1	1.27306
EIF2AK4	0.218	1	1.26723
COX6C	0.218	1	1.26723
KIAA0664	0.218	1	1.26723
PYCRL	0.216	1	1.25555
SBDS	0.216	1	1.25555
NOP14	0.216	1	1.25555
URB1	0.216	1	1.25555
RPS19	0.216	1	1.25555
LARP1B	0.215	1	1.24971
APOBEC3C	0.214	1	1.24387
UBR3	0.214	1	1.24387
ATP5F1	0.213	1	1.23803
TRUB2	0.213	1	1.23803
PSAT1	0.213	1	1.23803
SUCLG2	0.212	1	1.23219
KIAA0406	0.21	1	1.22051
RANBP1	0.21	1	1.22051
HSP90AA1	0.21	1	1.22051
SF3B3	0.21	1	1.22051
VCP	0.209	1	1.21467
ATM	0.208	1	1.20883
TOP2B	0.208	1	1.20883
RPS27	0.208	1	1.20883
IFT172	0.208	1	1.20883
UTP11L	0.207	1	1.20299
TOP2A	0.207	1	1.20299
CSNK2A2	0.207	1	1.20299
DDX5	0.206	1	1.19715
MT-CO1	0.206	1	1.19715
RPL4	0.205	1	1.19131
ERGIC3	0.205	1	1.19131
ARL5B	0.205	1	1.19131
GTF2H3	0.204	1	1.18547
SMG8	0.204	1	1.18547
EIF4E	0.203	1	1.17963
CAPZA1	0.202	1	1.17379
PSMB2	0.202	1	1.17379
TK1	0.202	1	1.17379
MAP3K7	0.2	1	1.16211
CAMK2D	0.2	1	1.16211
RPL27	0.199	1	1.15627
WDR26	0.198	1	1.15043
PDHA1	0.197	1	1.14459
GTPBP4	0.197	1	1.14459
VTN	0.197	1	1.14459
DDX3X	0.196	1	1.13875
PYCR2	0.195	1	1.13291
POLR1A	0.195	1	1.13291
UBE2M	0.194	1	1.12707
RBM12	0.194	1	1.12707
ARL6IP6	0.193	1	1.12123
COMMD2	0.192	1	1.11539
HSP90B1	0.192	1	1.11539
RFK	0.191	1	1.10955
TTC27	0.191	1	1.10955
VPS13A	0.191	1	1.10955
RPS29	0.19	1	1.10371
DRG1	0.19	1	1.10371
MKI67	0.19	1	1.10371
RPL10A	0.19	1	1.10371
RTN4	0.19	1	1.10371
FBXO9	0.19	1	1.10371
DOCK9	0.189	1	1.09787
NECAP2	0.189	1	1.09787
LCLAT1	0.188	1	1.09203
POLDIP2	0.188	1	1.09203
EPB41L2	0.188	1	1.09203
GSG2	0.187	1	1.08619
ARL6IP4	0.187	1	1.08619
MON2	0.186	1	1.08035
RRP7A	0.186	1	1.08035
TIAL1	0.186	1	1.08035
TXNDC9	0.186	1	1.08035
TMUB1	0.185	1	1.07451
ACAD11	0.185	1	1.07451
SAE1	0.185	1	1.07451
HSPA4	0.185	1	1.07451
ELAVL1	0.184	1	1.06867
RSAD1	0.183	1	1.06283
MARK3	0.183	1	1.06283
MRTO4	0.182	1	1.05699
SIN3A	0.182	1	1.05699
OGT	0.182	1	1.05699
SAV1	0.182	1	1.05699
CCNB1	0.182	1	1.05699
PTPN1	0.181	1	1.05115
PES1	0.181	1	1.05115
AGPAT3	0.181	1	1.05115
ACADM	0.18	1	1.04531
RPS21	0.18	1	1.04531
MPV17	0.179	1	1.03947
FHL1	0.179	1	1.03947
CRAT	0.178	1	1.03364
LARP1	0.177	1	1.0278
DIRAS1	0.177	1	1.0278
NAA15	0.177	1	1.0278
SLC7A5	0.176	1	1.02196
TMEM126A	0.176	1	1.02196
SRP14	0.176	1	1.02196
ABCC1	0.175	1	1.01612
HEATR3	0.175	1	1.01612
SLC37A4	0.174	1	1.01028
PPP1CA	0.173	1	1.00444
RAB35	0.173	1	1.00444
IMPDH2	0.173	1	1.00444
SYK	0.173	1	1.00444
ILKAP	0.172	1	0.998597
ATL2	0.171	1	0.992757
RPS20	0.171	1	0.992757
RPS18	0.171	1	0.992757
PAK4	0.17	1	0.986917
UBE2D3	0.17	1	0.986917
CTSA	0.169	1	0.981077
IDH3G	0.168	1	0.975238
PIP5K1A	0.168	1	0.975238
TECR	0.168	1	0.975238
CSTB	0.168	1	0.975238
ALAS1	0.168	1	0.975238
HBS1L	0.168	1	0.975238
ATP2C1	0.168	1	0.975238
SACS	0.168	1	0.975238
TANC1	0.167	1	0.969398
PPP5C	0.167	1	0.969398
PLCG1	0.167	1	0.969398
TPP2	0.167	1	0.969398
TMED9	0.167	1	0.969398
ZNF512	0.166	1	0.963558
PPFIA1	0.166	1	0.963558
METAP2	0.166	1	0.963558
VPS26A	0.166	1	0.963558
EPB41L5	0.166	1	0.963558
CHTF18	0.165	1	0.957718
CDC7	0.165	1	0.957718
RRP8	0.165	1	0.957718
CWF19L1	0.164	1	0.951879
PGM3	0.164	1	0.951879
MFSD10	0.164	1	0.951879
RAB22A	0.163	1	0.946039
SPG20	0.162	1	0.940199
YIF1B	0.162	1	0.940199
HDAC1	0.162	1	0.940199
ESF1	0.162	1	0.940199
NCDN	0.161	1	0.934359
IQGAP3	0.161	1	0.934359
RBBP4	0.161	1	0.934359
BTAF1	0.16	1	0.92852
ZNF326	0.159	1	0.92268
ANKLE2	0.159	1	0.92268
APPL1	0.159	1	0.92268
TARS2	0.158	1	0.91684
HIC2	0.158	1	0.91684
CTNND1	0.158	1	0.91684
KIFC1	0.157	1	0.911001
HARS2	0.157	1	0.911001
ZNF92	0.157	1	0.911001
RAB3B	0.156	1	0.905161
RAB12	0.156	1	0.905161
FARS2	0.155	1	0.899321
RPS27L	0.154	1	0.893481
RHOA	0.153	1	0.887642
RAB33B	0.153	1	0.887642
GLDC	0.153	1	0.887642
EIF5A	0.153	1	0.887642
ZNF629	0.152	1	0.881802
ZNF143	0.152	1	0.881802
PHF6	0.152	1	0.881802
PPP6C	0.152	1	0.881802
PUM2	0.152	1	0.881802
IQGAP2	0.152	1	0.881802
SLC25A10	0.151	1	0.875962
NDUFC2	0.151	1	0.875962
TMEM33	0.151	1	0.875962
PDIA3	0.151	1	0.875962
ITPR2	0.15	1	0.870122
FLNB	0.15	1	0.870122
XPNPEP3	0.15	1	0.870122
SLC25A42	0.149	1	0.864283
MAP2K7	0.149	1	0.864283
SYNE2	0.149	1	0.864283
PELO	0.149	1	0.864283
RPL5	0.149	1	0.864283
DUSP12	0.149	1	0.864283
RAB8B	0.148	1	0.858443
HAX1	0.148	1	0.858443
DDX17	0.147	1	0.852603
SPTLC1	0.147	1	0.852603
TAF2	0.147	1	0.852603
INTS8	0.147	1	0.852603
FYN	0.147	1	0.852603
DYNC1LI1	0.147	1	0.852603
GTPBP2	0.146	1	0.846763
MYO1C	0.146	1	0.846763
ORMDL3	0.145	1	0.840924
PRKAR2A	0.145	1	0.840924
DSTN	0.145	1	0.840924
FLNA	0.145	1	0.840924
COPS2	0.145	1	0.840924
RBM19	0.145	1	0.840924
HSP90AB1	0.145	1	0.840924
AACS	0.145	1	0.840924
GLI3	0.145	1	0.840924
KIF5B	0.144	1	0.835084
RRP1B	0.144	1	0.835084
IMP4	0.144	1	0.835084
DDX21	0.144	1	0.835084
SRP9	0.144	1	0.835084
VPS52	0.144	1	0.835084
ATP6V0A1	0.144	1	0.835084
CSDE1	0.144	1	0.835084
DCXR	0.143	1	0.829244
HNRNPU	0.143	1	0.829244
RTKN	0.143	1	0.829244
SARS2	0.142	1	0.823404
GGH	0.142	1	0.823404
EDC3	0.142	1	0.823404
KIAA1524	0.142	1	0.823404
HERC5	0.142	1	0.823404
TWF1	0.142	1	0.823404
WDR33	0.141	1	0.817565
SAP18	0.141	1	0.817565
EPB41	0.14	1	0.811725
AGPAT4	0.139	1	0.805885
C2ORF47	0.139	1	0.805885
MEX3A	0.139	1	0.805885
RBM4	0.139	1	0.805885
RBM4B	0.139	1	0.805885
MRPL19	0.138	1	0.800045
RPS4X	0.138	1	0.800045
TNRC18	0.137	1	0.794206
ACAA2	0.137	1	0.794206
C10ORF119	0.136	1	0.788366
TMPO	0.136	1	0.788366
RPS10	0.136	1	0.788366
RPL13A	0.136	1	0.788366
C8ORF55	0.136	1	0.788366
CSTF1	0.136	1	0.788366
ZW10	0.135	1	0.782526
CTBP2	0.135	1	0.782526
MRPL11	0.135	1	0.782526
HNRNPM	0.135	1	0.782526
FXR2	0.135	1	0.782526
FOXP4	0.134	1	0.776686
CPNE3	0.134	1	0.776686
EIF3A	0.134	1	0.776686
YTHDF2	0.133	1	0.770847
WDR82	0.133	1	0.770847
AARSD1	0.133	1	0.770847
C11ORF83	0.133	1	0.770847
DNAJB1	0.132	1	0.765007
SMG5	0.132	1	0.765007
GCLM	0.132	1	0.765007
RSL1D1	0.132	1	0.765007
PEX3	0.131	1	0.759167
USP14	0.131	1	0.759167
SNRPD2	0.131	1	0.759167
HAUS5	0.131	1	0.759167
MRPL47	0.13	1	0.753327
GTPBP10	0.13	1	0.753327
PUM1	0.13	1	0.753327
CNP	0.13	1	0.753327
OXA1L	0.129	1	0.747488
NKRF	0.129	1	0.747488
ALDH9A1	0.129	1	0.747488
CLTC	0.129	1	0.747488
DHX33	0.128	1	0.741648
NRAS	0.128	1	0.741648
GEMIN5	0.128	1	0.741648
IWS1	0.128	1	0.741648
DUSP3	0.128	1	0.741648
KIAA1543	0.127	1	0.735808
CLCN3	0.127	1	0.735808
RAE1	0.127	1	0.735808
CLPTM1L	0.127	1	0.735808
MRPS2	0.127	1	0.735808
RAC3	0.127	1	0.735808
RAC1	0.127	1	0.735808
CDKN2AIP	0.126	1	0.729968
DDX39	0.126	1	0.729968
HNRNPH3	0.126	1	0.729968
RAB8A	0.126	1	0.729968
TBC1D22B	0.126	1	0.729968
RPL15	0.126	1	0.729968
ACTR1A	0.126	1	0.729968
CLASP1	0.126	1	0.729968
KIF2A	0.125	1	0.724129
LYN	0.125	1	0.724129
NME2	0.125	1	0.724129
GPX8	0.125	1	0.724129
UBA6	0.125	1	0.724129
CDK12	0.125	1	0.724129
CDK17	0.125	1	0.724129
AHCY	0.124	1	0.718289
CHD2	0.124	1	0.718289
DDX50	0.123	1	0.712449
SERAC1	0.123	1	0.712449
EXOC6	0.123	1	0.712449
URGCP	0.123	1	0.712449
ATP6V1H	0.122	1	0.706609
CSNK1A1	0.122	1	0.706609
CDK13	0.122	1	0.706609
CCNC	0.122	1	0.706609
TRNAU1AP	0.121	1	0.70077
ZC3HAV1	0.121	1	0.70077
ERO1LB	0.12	1	0.69493
ARPC1B	0.12	1	0.69493
RNPEP	0.12	1	0.69493
EIF3L	0.12	1	0.69493
FBXO22	0.119	1	0.68909
MAGT1	0.119	1	0.68909
AIMP1	0.119	1	0.68909
RAB39	0.118	1	0.68325
PRKCD	0.118	1	0.68325
DOCK7	0.118	1	0.68325
EEF2	0.118	1	0.68325
FLII	0.118	1	0.68325
NAA50	0.118	1	0.68325
DOCK6	0.118	1	0.68325
HM13	0.117	1	0.677411
SMCR7L	0.117	1	0.677411
SUCLA2	0.117	1	0.677411
RRAGA	0.117	1	0.677411
HDDC2	0.116	1	0.671571
ARL6IP5	0.116	1	0.671571
METTL13	0.116	1	0.671571
GTF3C2	0.116	1	0.671571
RFX1	0.116	1	0.671571
LASS6	0.116	1	0.671571
AP1G2	0.116	1	0.671571
ZNF362	0.115	1	0.665731
NUSAP1	0.115	1	0.665731
PABPN1	0.115	1	0.665731
PRPF6	0.114	1	0.659891
GEMIN4	0.114	1	0.659891
CAMK2G	0.114	1	0.659891
STRBP	0.114	1	0.659891
RAB13	0.113	1	0.654052
ZNF277	0.113	1	0.654052
PDCD4	0.113	1	0.654052
TOP1	0.113	1	0.654052
ASPH	0.113	1	0.654052
KPNA1	0.112	1	0.648212
PPP3CA	0.112	1	0.648212
HLA-B	0.111	1	0.642372
ASCC3	0.111	1	0.642372
RPL30	0.111	1	0.642372
PSMD4	0.11	1	0.636532
PARS2	0.11	1	0.636532
YY1	0.109	1	0.630693
EI24	0.109	1	0.630693
PCNP	0.109	1	0.630693
SPCS2	0.109	1	0.630693
TAGLN2	0.109	1	0.630693
HDAC6	0.109	1	0.630693
ACTR1B	0.109	1	0.630693
NHP2L1	0.108	1	0.624853
JAK1	0.108	1	0.624853
PHLDA3	0.108	1	0.624853
SNTB2	0.108	1	0.624853
RNF123	0.108	1	0.624853
VPS54	0.108	1	0.624853
RAB21	0.108	1	0.624853
CAD	0.108	1	0.624853
DHX29	0.108	1	0.624853
COQ6	0.107	1	0.619013
POGZ	0.107	1	0.619013
SLC35F2	0.107	1	0.619013
RIC8A	0.106	1	0.613173
FXR1	0.106	1	0.613173
TRMT112	0.106	1	0.613173
TYMS	0.106	1	0.613173
FERMT2	0.106	1	0.613173
LMF2	0.105	1	0.607334
SMC5	0.105	1	0.607334
NOP56	0.105	1	0.607334
RPL6	0.104	1	0.601494
EIF2S3	0.104	1	0.601494
AP2A1	0.104	1	0.601494
KRT9	0.103	1	0.595654
PSMA1	0.103	1	0.595654
SLC25A22	0.103	1	0.595654
NUDT19	0.103	1	0.595654
MEN1	0.103	1	0.595654
ATP6V1A	0.103	1	0.595654
EPPK1	0.103	1	0.595654
SNTB1	0.103	1	0.595654
ABHD13	0.103	1	0.595654
ATP5C1	0.102	1	0.589814
NIPBL	0.102	1	0.589814
SPATA2	0.102	1	0.589814
AK3	0.102	1	0.589814
MRPL3	0.102	1	0.589814
MRPS5	0.102	1	0.589814
RCL1	0.102	1	0.589814
SRP72	0.102	1	0.589814
RBM15	0.101	1	0.583975
ABHD14B	0.101	1	0.583975
SURF4	0.101	1	0.583975
ZMYM4	0.101	1	0.583975
LATS1	0.101	1	0.583975
NEK9	0.101	1	0.583975
MORF4L1	0.101	1	0.583975
PTPN14	0.1	1	0.578135
TMEM126B	0.1	1	0.578135
HSPA4L	0.1	1	0.578135
SLK	0.1	1	0.578135
TLN1	0.1	1	0.578135
U2AF1	0.099	1	0.572295
DHX9	0.099	1	0.572295
CDC5L	0.099	1	0.572295
DYNC2LI1	0.099	1	0.572295
LSM14B	0.099	1	0.572295
VPS29	0.099	1	0.572295
NONO	0.098	1	0.566455
FASTKD5	0.098	1	0.566455
CCT8	0.098	1	0.566455
MSI2	0.097	1	0.560616
BCR	0.097	1	0.560616
KIN	0.097	1	0.560616
CENPM	0.097	1	0.560616
MID1	0.097	1	0.560616
FOXK2	0.097	1	0.560616
GET4	0.097	1	0.560616
DERL1	0.096	1	0.554776
TOR1AIP1	0.096	1	0.554776
CLGN	0.096	1	0.554776
SMARCA5	0.096	1	0.554776
ACOT13	0.096	1	0.554776
NF1	0.096	1	0.554776
GPATCH8	0.095	1	0.548936
ECHS1	0.095	1	0.548936
NFS1	0.095	1	0.548936
ZC3HC1	0.095	1	0.548936
SLC25A23	0.095	1	0.548936
RBM15B	0.095	1	0.548936
LYPLAL1	0.095	1	0.548936
AIMP2	0.095	1	0.548936
GPR107	0.095	1	0.548936
LEPRE1	0.095	1	0.548936
AKT1	0.095	1	0.548936
TH1L	0.094	1	0.543096
GNAI2	0.094	1	0.543096
CPEB4	0.094	1	0.543096
CRTAP	0.094	1	0.543096
PPIB	0.093	1	0.537257
CTU1	0.093	1	0.537257
ANKFY1	0.093	1	0.537257
ABR	0.093	1	0.537257
RPA2	0.093	1	0.537257
BZW1	0.093	1	0.537257
BZW2	0.093	1	0.537257
RBM7	0.092	1	0.531417
TMED4	0.092	1	0.531417
TTN	0.091	1	0.525577
PSMC4	0.091	1	0.525577
NUP155	0.091	1	0.525577
CDC16	0.091	1	0.525577
PNO1	0.091	1	0.525577
SDAD1	0.091	1	0.525577
DTL	0.091	1	0.525577
RAB43	0.091	1	0.525577
MBD3	0.091	1	0.525577
MOBKL1A	0.091	1	0.525577
SLC16A1	0.09	1	0.519737
AP3B1	0.09	1	0.519737
AP2M1	0.09	1	0.519737
KIF3A	0.089	1	0.513898
MPDU1	0.089	1	0.513898
SLC2A1	0.089	1	0.513898
BLM	0.089	1	0.513898
RPS9	0.089	1	0.513898
COG5	0.089	1	0.513898
KIF5C	0.088	1	0.508058
METT11D1	0.088	1	0.508058
RCC2	0.088	1	0.508058
TUBE1	0.088	1	0.508058
PRDX1	0.088	1	0.508058
NPM1	0.087	1	0.502218
PBRM1	0.087	1	0.502218
CAPZB	0.087	1	0.502218
CHTF8	0.087	1	0.502218
CNOT1	0.086	1	0.496378
SLC35B2	0.086	1	0.496378
MED12	0.086	1	0.496378
DAK	0.086	1	0.496378
EXOC4	0.085	1	0.490539
YIF1A	0.085	1	0.490539
ESYT1	0.085	1	0.490539
WDR1	0.085	1	0.490539
CCNT1	0.085	1	0.490539
ZCCHC17	0.085	1	0.490539
NAA16	0.085	1	0.490539
HADH	0.085	1	0.490539
HSPA1A	0.084	1	0.484699
MRPS6	0.084	1	0.484699
FKBP4	0.084	1	0.484699
DMD	0.083	1	0.478859
BAT1	0.083	1	0.478859
HSPA2	0.083	1	0.478859
ZC3H14	0.082	1	0.473019
PAN3	0.082	1	0.473019
RPL23A	0.082	1	0.473019
FMR1	0.082	1	0.473019
MCM2	0.082	1	0.473019
SFXN4	0.081	1	0.46718
GLT25D1	0.081	1	0.46718
SFRS3	0.081	1	0.46718
C3ORF26	0.081	1	0.46718
ATP5A1	0.08	1	0.46134
LDHB	0.08	1	0.46134
HNRNPD	0.08	1	0.46134
DIAPH3	0.08	1	0.46134
YLPM1	0.08	1	0.46134
MAP4K3	0.08	1	0.46134
UHRF1	0.079	1	0.4555
SLC25A25	0.079	1	0.4555
KDM1A	0.079	1	0.4555
ERAL1	0.079	1	0.4555
PMVK	0.079	1	0.4555
RAB3GAP2	0.079	1	0.4555
NEDD4	0.079	1	0.4555
RPS13	0.078	1	0.449661
STRAP	0.078	1	0.449661
SF3B1	0.077	1	0.443821
TOPBP1	0.077	1	0.443821
MRPS15	0.077	1	0.443821
RAD50	0.077	1	0.443821
RPS6KA1	0.077	1	0.443821
HIST1H2BK	0.076	1	0.437981
NUP210	0.076	1	0.437981
EFTUD1	0.076	1	0.437981
MRPL28	0.076	1	0.437981
BRIP1	0.076	1	0.437981
NOC2L	0.075	1	0.432141
PDPR	0.075	1	0.432141
MORC2	0.074	1	0.426302
ICMT	0.074	1	0.426302
CBX4	0.074	1	0.426302
TM9SF3	0.074	1	0.426302
PCNA	0.074	1	0.426302
POLDIP3	0.074	1	0.426302
RRAS2	0.074	1	0.426302
TFRC	0.074	1	0.426302
MCM6	0.073	1	0.420462
SPG7	0.073	1	0.420462
GSPT1	0.073	1	0.420462
OCRL	0.073	1	0.420462
TOMM40	0.072	1	0.414622
NAT10	0.072	1	0.414622
IKBKB	0.072	1	0.414622
PCBP1	0.072	1	0.414622
ABHD11	0.072	1	0.414622
SNX3	0.072	1	0.414622
DHX57	0.072	1	0.414622
B3GALTL	0.071	1	0.408782
PPP1CB	0.071	1	0.408782
PARK7	0.071	1	0.408782
TSN	0.071	1	0.408782
RAP2B	0.07	1	0.402943
RAB11B	0.07	1	0.402943
USO1	0.07	1	0.402943
HNRNPF	0.07	1	0.402943
ILK	0.07	1	0.402943
MRI1	0.07	1	0.402943
RAB10	0.069	1	0.397103
HIST1H2BJ	0.069	1	0.397103
NCBP2	0.069	1	0.397103
LRRC47	0.069	1	0.397103
HSPA13	0.069	1	0.397103
HMGCL	0.068	1	0.391263
ATAD3B	0.068	1	0.391263
RNASEH2A	0.068	1	0.391263
ACTR2	0.068	1	0.391263
CDK4	0.068	1	0.391263
OSTC	0.067	1	0.385423
STUB1	0.067	1	0.385423
SETX	0.067	1	0.385423
API5	0.067	1	0.385423
SH3PXD2B	0.067	1	0.385423
SPATA5	0.066	1	0.379584
ANKRD17	0.066	1	0.379584
RAPGEF2	0.066	1	0.379584
LIMK2	0.066	1	0.379584
FASN	0.066	1	0.379584
GYG1	0.066	1	0.379584
KPNA3	0.065	1	0.373744
SFRS9	0.065	1	0.373744
GLS	0.065	1	0.373744
RPS16	0.065	1	0.373744
HCFC1	0.065	1	0.373744
CUL2	0.065	1	0.373744
ERBB2IP	0.064	1	0.367904
STAG2	0.064	1	0.367904
AK3L1	0.064	1	0.367904
ACAD9	0.064	1	0.367904
KPNA4	0.064	1	0.367904
HNRNPL	0.064	1	0.367904
GGCX	0.064	1	0.367904
SLC25A20	0.063	1	0.362064
RBBP6	0.063	1	0.362064
CPVL	0.063	1	0.362064
DECR2	0.063	1	0.362064
IQCB1	0.063	1	0.362064
MRPL16	0.063	1	0.362064
COX15	0.062	1	0.356225
RFC4	0.062	1	0.356225
MCTS1	0.062	1	0.356225
ATP6V0A2	0.061	1	0.350385
SHPK	0.061	1	0.350385
MRPL24	0.061	1	0.350385
DTYMK	0.061	1	0.350385
EYA1	0.061	1	0.350385
DECR1	0.061	1	0.350385
FIG4	0.061	1	0.350385
UBE3A	0.061	1	0.350385
NCBP1	0.06	1	0.344545
AHCYL1	0.06	1	0.344545
DALRD3	0.06	1	0.344545
PAXIP1	0.06	1	0.344545
CHD4	0.06	1	0.344545
DDX24	0.06	1	0.344545
ACSL4	0.06	1	0.344545
CDC73	0.06	1	0.344545
TPT1	0.059	1	0.338705
DNAJA1	0.059	1	0.338705
DICER1	0.059	1	0.338705
DOCK1	0.059	1	0.338705
CTSB	0.058	1	0.332866
PGM2	0.058	1	0.332866
SACM1L	0.058	1	0.332866
CPSF3	0.058	1	0.332866
LEMD3	0.057	1	0.327026
ZNF24	0.057	1	0.327026
NOL10	0.057	1	0.327026
CAPN1	0.057	1	0.327026
MCM3	0.057	1	0.327026
GEN1	0.057	1	0.327026
PPME1	0.057	1	0.327026
RBM45	0.056	1	0.321186
GXYLT1	0.056	1	0.321186
TTC28	0.056	1	0.321186
DHX36	0.056	1	0.321186
G3BP1	0.056	1	0.321186
ERLIN1	0.056	1	0.321186
C14ORF102	0.055	1	0.315346
MFN2	0.055	1	0.315346
GINS1	0.055	1	0.315346
MCM5	0.055	1	0.315346
RAPGEF6	0.055	1	0.315346
YTHDC2	0.054	1	0.309507
PTCD3	0.054	1	0.309507
GNB1L	0.054	1	0.309507
CMPK1	0.054	1	0.309507
USP9X	0.054	1	0.309507
CELF1	0.053	1	0.303667
RUSC1	0.053	1	0.303667
LGMN	0.053	1	0.303667
PSMC6	0.053	1	0.303667
ANXA7	0.053	1	0.303667
MYO9A	0.053	1	0.303667
LBR	0.052	1	0.297827
ATP2B4	0.052	1	0.297827
MTHFD1L	0.052	1	0.297827
TACO1	0.052	1	0.297827
GTF3C1	0.052	1	0.297827
EIF4A3	0.052	1	0.297827
TWF2	0.052	1	0.297827
UBXN1	0.052	1	0.297827
RPL17	0.052	1	0.297827
CRTC2	0.051	1	0.291987
DDX56	0.051	1	0.291987
VPS4B	0.051	1	0.291987
GNAI3	0.051	1	0.291987
GBAS	0.051	1	0.291987
EPRS	0.051	1	0.291987
EIF4G1	0.051	1	0.291987
HAT1	0.051	1	0.291987
VRK1	0.05	1	0.286148
SMC6	0.05	1	0.286148
GNL3L	0.05	1	0.286148
ACOX3	0.05	1	0.286148
CORO2A	0.05	1	0.286148
C3ORF17	0.049	1	0.280308
ARMCX3	0.049	1	0.280308
MTFMT	0.049	1	0.280308
ELOVL4	0.048	1	0.274468
KDM3B	0.048	1	0.274468
MRPS28	0.048	1	0.274468
RPS3A	0.048	1	0.274468
MYCBP2	0.048	1	0.274468
STK3	0.048	1	0.274468
MYL6	0.048	1	0.274468
DUS2L	0.048	1	0.274468
SLC25A1	0.047	1	0.268628
FMNL2	0.047	1	0.268628
FMNL3	0.047	1	0.268628
LMNA	0.047	1	0.268628
HPS6	0.047	1	0.268628
DDX31	0.047	1	0.268628
NDUFAF3	0.047	1	0.268628
SPATA5L1	0.046	1	0.262789
POLR1C	0.046	1	0.262789
FUBP3	0.046	1	0.262789
ITCH	0.046	1	0.262789
HSPA8	0.046	1	0.262789
CHERP	0.046	1	0.262789
IKBKAP	0.046	1	0.262789
TAF5	0.045	1	0.256949
RPS14	0.045	1	0.256949
WHSC2	0.045	1	0.256949
RPS25	0.045	1	0.256949
SMARCA4	0.045	1	0.256949
LKAP	0.045	1	0.256949
POLA1	0.045	1	0.256949
GBF1	0.045	1	0.256949
RAB1B	0.044	1	0.251109
NOM1	0.044	1	0.251109
POLR2H	0.044	1	0.251109
PTPN2	0.044	1	0.251109
TMCO1	0.044	1	0.251109
TCERG1	0.043	1	0.245269
PREP	0.043	1	0.245269
TAF1	0.042	1	0.23943
HSD17B11	0.042	1	0.23943
AP3D1	0.042	1	0.23943
CKAP5	0.042	1	0.23943
MTPAP	0.042	1	0.23943
TELO2	0.042	1	0.23943
RGPD3	0.041	1	0.23359
TYW3	0.041	1	0.23359
TBC1D4	0.041	1	0.23359
DAGLB	0.04	1	0.22775
GNA12	0.039	1	0.22191
DDX46	0.039	1	0.22191
SLC12A2	0.039	1	0.22191
ZNF121	0.038	1	0.216071
PTDSS2	0.038	1	0.216071
TBCD	0.038	1	0.216071
PRDX4	0.038	1	0.216071
AMZ2	0.038	1	0.216071
GMPPB	0.038	1	0.216071
DARS	0.038	1	0.216071
NCKAP1	0.038	1	0.216071
SLC30A6	0.037	1	0.210231
PSMC2	0.037	1	0.210231
CDK6	0.037	1	0.210231
CBARA1	0.037	1	0.210231
PAFAH1B2	0.037	1	0.210231
APOOL	0.036	1	0.204391
DDX54	0.036	1	0.204391
PRDX2	0.036	1	0.204391
SR140	0.036	1	0.204391
VPS53	0.036	1	0.204391
GNPAT	0.035	1	0.198551
FOXK1	0.035	1	0.198551
IGF2BP1	0.035	1	0.198551
SMARCA1	0.035	1	0.198551
DOPEY2	0.035	1	0.198551
SFRS11	0.035	1	0.198551
RANBP2	0.034	1	0.192712
SEC11A	0.034	1	0.192712
KPNA6	0.034	1	0.192712
SF3A3	0.034	1	0.192712
C15ORF24	0.034	1	0.192712
HSD17B4	0.034	1	0.192712
IMPA1	0.034	1	0.192712
GFPT1	0.034	1	0.192712
GPI	0.034	1	0.192712
ACSF3	0.033	1	0.186872
RDH11	0.033	1	0.186872
SND1	0.033	1	0.186872
AP1B1	0.033	1	0.186872
TRMT1	0.033	1	0.186872
ZYG11B	0.032	1	0.181032
RB1	0.032	1	0.181032
RBM25	0.032	1	0.181032
RPS8	0.032	1	0.181032
ATP5L	0.032	1	0.181032
PMPCB	0.032	1	0.181032
EIF4G2	0.032	1	0.181032
ATR	0.031	1	0.175192
IMMT	0.031	1	0.175192
ARCN1	0.031	1	0.175192
HEATR5B	0.031	1	0.175192
EIF2S1	0.031	1	0.175192
SDHD	0.031	1	0.175192
TIGAR	0.03	1	0.169353
GTF3C5	0.03	1	0.169353
C17ORF61	0.03	1	0.169353
SCRIB	0.03	1	0.169353
HDLBP	0.03	1	0.169353
ACOT9	0.029	1	0.163513
AUTS2	0.029	1	0.163513
CBX3	0.029	1	0.163513
DEK	0.029	1	0.163513
PPM1F	0.029	1	0.163513
AP2B1	0.029	1	0.163513
THOC3	0.028	1	0.157673
STT3A	0.028	1	0.157673
AKT2	0.028	1	0.157673
SBF1	0.028	1	0.157673
COTL1	0.028	1	0.157673
TMEM201	0.028	1	0.157673
ATL3	0.027	1	0.151833
MEPCE	0.027	1	0.151833
NOB1	0.027	1	0.151833
RPL22	0.027	1	0.151833
CNOT6	0.027	1	0.151833
RPS24	0.027	1	0.151833
AGAP3	0.026	1	0.145994
LIN54	0.026	1	0.145994
RBM26	0.026	1	0.145994
MLTK	0.026	1	0.145994
RANGAP1	0.026	1	0.145994
MASTL	0.026	1	0.145994
HNRPDL	0.026	1	0.145994
CKAP2	0.026	1	0.145994
NOP16	0.025	1	0.140154
CLPP	0.025	1	0.140154
SMC1A	0.025	1	0.140154
CRNKL1	0.025	1	0.140154
ATP6V1C1	0.025	1	0.140154
EHHADH	0.025	1	0.140154
UNC45A	0.025	1	0.140154
TUBG1	0.025	1	0.140154
CPSF7	0.024	1	0.134314
TMEM11	0.024	1	0.134314
STARD9	0.024	1	0.134314
PAPOLG	0.024	1	0.134314
LRPPRC	0.024	1	0.134314
BPNT1	0.024	1	0.134314
POLD3	0.024	1	0.134314
LYPLA1	0.023	1	0.128474
RPL23	0.023	1	0.128474
GNL2	0.023	1	0.128474
RAD21	0.023	1	0.128474
PLAA	0.023	1	0.128474
CTDP1	0.023	1	0.128474
CDK8	0.023	1	0.128474
ATG9A	0.022	1	0.122635
RAP1A	0.022	1	0.122635
ANKHD1	0.022	1	0.122635
INPPL1	0.022	1	0.122635
ADSL	0.022	1	0.122635
TNRC6B	0.022	1	0.122635
UTP15	0.021	1	0.116795
DDX18	0.021	1	0.116795
RAP2A	0.021	1	0.116795
42249	0.021	1	0.116795
NEDD4L	0.021	1	0.116795
HSPA5	0.021	1	0.116795
HIP1R	0.021	1	0.116795
NCAPD2	0.021	1	0.116795
BYSL	0.02	1	0.110955
NCLN	0.02	1	0.110955
LENG8	0.02	1	0.110955
DNAJC7	0.02	1	0.110955
ABT1	0.02	1	0.110955
VPS45	0.02	1	0.110955
PATL1	0.02	1	0.110955
TARS	0.02	1	0.110955
XPO5	0.02	1	0.110955
ZNF740	0.02	1	0.110955
NUP50	0.02	1	0.110955
ZNHIT6	0.02	1	0.110955
ADD1	0.019	1	0.105115
SENP3	0.019	1	0.105115
FOXRED2	0.019	1	0.105115
LAS1L	0.019	1	0.105115
MRE11A	0.019	1	0.105115
KIDINS220	0.019	1	0.105115
PSMD10	0.019	1	0.105115
COG7	0.019	1	0.105115
LSG1	0.018	1	0.0992757
ZZEF1	0.018	1	0.0992757
MATR3	0.018	1	0.0992757
PLK1	0.018	1	0.0992757
PSMD12	0.018	1	0.0992757
MFN1	0.018	1	0.0992757
CTPS	0.018	1	0.0992757
MRPL22	0.018	1	0.0992757
EIF2B5	0.018	1	0.0992757
SMAP2	0.018	1	0.0992757
SAR1B	0.017	1	0.0934359
MCART1	0.017	1	0.0934359
CLP1	0.017	1	0.0934359
AGTPBP1	0.017	1	0.0934359
GYS1	0.017	1	0.0934359
PPIL2	0.016	1	0.0875962
SRPRB	0.016	1	0.0875962
MED18	0.016	1	0.0875962
HIP1	0.016	1	0.0875962
STIP1	0.016	1	0.0875962
TBL2	0.015	1	0.0817565
EDEM3	0.015	1	0.0817565
ADI1	0.015	1	0.0817565
ANXA5	0.015	1	0.0817565
RPS28	0.015	1	0.0817565
HSPH1	0.015	1	0.0817565
TOMM70A	0.015	1	0.0817565
ZNF622	0.015	1	0.0817565
CIZ1	0.014	1	0.0759167
GRWD1	0.014	1	0.0759167
MSH6	0.014	1	0.0759167
PHB2	0.014	1	0.0759167
MED24	0.014	1	0.0759167
GLO1	0.014	1	0.0759167
CDK9	0.014	1	0.0759167
RPSA	0.014	1	0.0759167
ANAPC5	0.014	1	0.0759167
NIP7	0.014	1	0.0759167
TBCE	0.014	1	0.0759167
DDX20	0.013	1	0.070077
PHF3	0.013	1	0.070077
SFRS14	0.013	1	0.070077
DHX30	0.013	1	0.070077
RRM2	0.013	1	0.070077
TEX264	0.013	1	0.070077
ACOT1	0.013	1	0.070077
SMCHD1	0.012	1	0.0642372
MACROD1	0.012	1	0.0642372
FDXR	0.012	1	0.0642372
ATP13A1	0.012	1	0.0642372
ILVBL	0.012	1	0.0642372
IQGAP1	0.012	1	0.0642372
TBP	0.012	1	0.0642372
NUPL1	0.011	1	0.0583975
PRPF40A	0.011	1	0.0583975
MSH2	0.011	1	0.0583975
ATP1A2	0.011	1	0.0583975
TBX3	0.011	1	0.0583975
QARS	0.011	1	0.0583975
EXOC8	0.01	1	0.0525577
RPLP2	0.01	1	0.0525577
RBM6	0.01	1	0.0525577
ABCB7	0.01	1	0.0525577
SEC23A	0.01	1	0.0525577
ERGIC2	0.01	1	0.0525577
PIGT	0.01	1	0.0525577
PSPC1	0.01	1	0.0525577
G3BP2	0.01	1	0.0525577
GTPBP3	0.009	1	0.046718
LMNB1	0.009	1	0.046718
DDX19B	0.009	1	0.046718
STOM	0.009	1	0.046718
DDX19A	0.009	1	0.046718
ATP6V0D1	0.009	1	0.046718
LRBA	0.009	1	0.046718
ATP5O	0.009	1	0.046718
TRPC4AP	0.009	1	0.046718
HSPA14	0.009	1	0.046718
MAPKAPK2	0.009	1	0.046718
RNH1	0.009	1	0.046718
NEK6	0.008	1	0.0408782
NSUN2	0.008	1	0.0408782
PSME3	0.008	1	0.0408782
URB2	0.007	1	0.0350385
RFC2	0.007	1	0.0350385
YME1L1	0.007	1	0.0350385
DKC1	0.007	1	0.0350385
GNL1	0.007	1	0.0350385
UGGT1	0.007	1	0.0350385
ECT2	0.006	1	0.0291987
UBAC2	0.006	1	0.0291987
RPL21	0.006	1	0.0291987
NARS	0.006	1	0.0291987
VPS36	0.006	1	0.0291987
PLEKHG1	0.006	1	0.0291987
C9ORF125	0.006	1	0.0291987
QKI	0.005	1	0.023359
ZMYND8	0.005	1	0.023359
PDCD11	0.005	1	0.023359
SLC25A17	0.005	1	0.023359
PIGS	0.005	1	0.023359
AURKA	0.005	1	0.023359
INPP1	0.005	1	0.023359
SC5DL	0.005	1	0.023359
INTS5	0.004	1	0.0175192
ATAD3A	0.004	1	0.0175192
ADAR	0.004	1	0.0175192
GTF2H4	0.004	1	0.0175192
TBRG4	0.004	1	0.0175192
EIF4A2	0.004	1	0.0175192
MAPK3	0.004	1	0.0175192
PRPF8	0.004	1	0.0175192
IFT122	0.004	1	0.0175192
NARS2	0.003	1	0.0116795
NDUFA4	0.003	1	0.0116795
TRIP13	0.003	1	0.0116795
ATRX	0.003	1	0.0116795
SAMHD1	0.003	1	0.0116795
CPSF1	0.003	1	0.0116795
RQCD1	0.003	1	0.0116795
EIF4E2	0.003	1	0.0116795
EFHD1	0.002	1	0.00583975
DHX37	0.002	1	0.00583975
ARHGAP17	0.002	1	0.00583975
ITPR3	0.002	1	0.00583975
SEC61G	0.002	1	0.00583975
CAND2	0.002	1	0.00583975
MAGED1	0.002	1	0.00583975
ARHGDIA	0.002	1	0.00583975
SRRM1	0.001	1	0
SMG6	0.001	1	0
PHC2	0.001	1	0
GSK3A	0.001	1	0
SERPINB6	0.001	1	0
NSF	0.001	1	0
DOCK5	0.001	1	0
GFM1	0.001	1	0
LIPA	0.001	1	0
ALG13	0.001	1	0
DYM	0.001	1	0
NOMO1	0	1	-0.00583975
NEK7	0	1	-0.00583975
CS	0	1	-0.00583975
ZNF638	0	1	-0.00583975
NSUN3	0	1	-0.00583975
EIF3D	0	1	-0.00583975
AP1G1	0	1	-0.00583975
VDAC1	-0.001	1	-0.0116795
PDHX	-0.001	1	-0.0116795
RAB5B	-0.001	1	-0.0116795
TTC19	-0.001	1	-0.0116795
EIF4A1	-0.001	1	-0.0116795
KIAA1967	-0.001	1	-0.0116795
COPE	-0.001	1	-0.0116795
FTSJ2	-0.002	1	-0.0175192
IDH3A	-0.002	1	-0.0175192
EIF2AK2	-0.002	1	-0.0175192
RAB2B	-0.002	1	-0.0175192
HUWE1	-0.002	1	-0.0175192
HADHA	-0.002	1	-0.0175192
PIGG	-0.002	1	-0.0175192
MAP4K5	-0.002	1	-0.0175192
CEPT1	-0.003	1	-0.023359
GLYR1	-0.003	1	-0.023359
CAP1	-0.003	1	-0.023359
IGF2BP3	-0.003	1	-0.023359
MYEF2	-0.003	1	-0.023359
AHR	-0.003	1	-0.023359
SLC25A46	-0.004	1	-0.0291987
OAT	-0.004	1	-0.0291987
KIAA1279	-0.004	1	-0.0291987
FADS2	-0.004	1	-0.0291987
ATAD5	-0.005	1	-0.0350385
RPS2	-0.005	1	-0.0350385
LASS1	-0.005	1	-0.0350385
MDC1	-0.005	1	-0.0350385
SSR4	-0.005	1	-0.0350385
CDK11B	-0.005	1	-0.0350385
INTS9	-0.005	1	-0.0350385
SMC4	-0.005	1	-0.0350385
MAD2L1BP	-0.006	1	-0.0408782
L3MBTL3	-0.006	1	-0.0408782
RPL27A	-0.006	1	-0.0408782
ZNF503	-0.006	1	-0.0408782
CLINT1	-0.006	1	-0.0408782
CARM1	-0.006	1	-0.0408782
GGA2	-0.006	1	-0.0408782
HSD17B7	-0.006	1	-0.0408782
GLA	-0.006	1	-0.0408782
ANK3	-0.006	1	-0.0408782
TRMU	-0.006	1	-0.0408782
FARP2	-0.007	1	-0.046718
ECHDC1	-0.007	1	-0.046718
PDXDC1	-0.007	1	-0.046718
STXBP3	-0.007	1	-0.046718
NCAPG2	-0.007	1	-0.046718
TMEM38B	-0.007	1	-0.046718
GTPBP1	-0.007	1	-0.046718
SRPR	-0.007	1	-0.046718
SENP1	-0.007	1	-0.046718
AP1M1	-0.007	1	-0.046718
CHD1L	-0.007	1	-0.046718
SLC25A3	-0.008	1	-0.0525577
PIPSL	-0.008	1	-0.0525577
CSE1L	-0.008	1	-0.0525577
MAP2K2	-0.008	1	-0.0525577
FAM108B1	-0.008	1	-0.0525577
ATP6AP1	-0.008	1	-0.0525577
SNX33	-0.009	1	-0.0583975
ESYT2	-0.009	1	-0.0583975
PHKA1	-0.009	1	-0.0583975
MCCC2	-0.009	1	-0.0583975
GANAB	-0.009	1	-0.0583975
C22ORF28	-0.009	1	-0.0583975
MRPS22	-0.009	1	-0.0583975
UQCRQ	-0.009	1	-0.0583975
DDX10	-0.01	1	-0.0642372
ERCC6L	-0.01	1	-0.0642372
COPB1	-0.01	1	-0.0642372
CTNNBL1	-0.01	1	-0.0642372
RBPMS2	-0.01	1	-0.0642372
KIAA0892	-0.011	1	-0.070077
PRPSAP2	-0.011	1	-0.070077
ASMTL	-0.011	1	-0.070077
NDUFA6	-0.011	1	-0.070077
TBC1D15	-0.011	1	-0.070077
MTIF2	-0.011	1	-0.070077
PRCP	-0.011	1	-0.070077
ESRP2	-0.011	1	-0.070077
PEX1	-0.011	1	-0.070077
ENOPH1	-0.012	1	-0.0759167
MYBBP1A	-0.012	1	-0.0759167
FLOT1	-0.012	1	-0.0759167
UBE2N	-0.012	1	-0.0759167
HAGH	-0.012	1	-0.0759167
UBLCP1	-0.012	1	-0.0759167
GNE	-0.012	1	-0.0759167
SEC23B	-0.013	1	-0.0817565
MRPL45	-0.013	1	-0.0817565
RAB5C	-0.013	1	-0.0817565
MRPL33	-0.013	1	-0.0817565
RPLP0	-0.013	1	-0.0817565
IP6K1	-0.013	1	-0.0817565
SMC2	-0.013	1	-0.0817565
USP4	-0.013	1	-0.0817565
POLRMT	-0.014	1	-0.0875962
HEATR2	-0.014	1	-0.0875962
PRPF38B	-0.014	1	-0.0875962
LPCAT1	-0.015	1	-0.0934359
RRP12	-0.015	1	-0.0934359
VDAC2	-0.015	1	-0.0934359
PSMA4	-0.015	1	-0.0934359
NUP98	-0.016	1	-0.0992757
RAB18	-0.016	1	-0.0992757
PRKAG1	-0.016	1	-0.0992757
FIBP	-0.016	1	-0.0992757
CYFIP2	-0.016	1	-0.0992757
FARSB	-0.016	1	-0.0992757
RBM47	-0.016	1	-0.0992757
CDC25C	-0.017	1	-0.105115
ATP5B	-0.017	1	-0.105115
HTT	-0.017	1	-0.105115
EXOSC10	-0.017	1	-0.105115
CDC37	-0.017	1	-0.105115
RPL7	-0.017	1	-0.105115
PPP1CC	-0.017	1	-0.105115
AAMP	-0.017	1	-0.105115
GTF2I	-0.017	1	-0.105115
METTL8	-0.017	1	-0.105115
ARMC10	-0.018	1	-0.110955
ADRM1	-0.018	1	-0.110955
ALDH6A1	-0.018	1	-0.110955
FKBP8	-0.018	1	-0.110955
RPS6KA3	-0.018	1	-0.110955
MED1	-0.018	1	-0.110955
RPL18	-0.018	1	-0.110955
BAT5	-0.018	1	-0.110955
POLR2B	-0.018	1	-0.110955
PDS5B	-0.019	1	-0.116795
CHD8	-0.019	1	-0.116795
SCP2	-0.019	1	-0.116795
GCLC	-0.019	1	-0.116795
VPS35	-0.019	1	-0.116795
PWP2	-0.019	1	-0.116795
STK11IP	-0.02	1	-0.122635
TNRC6A	-0.02	1	-0.122635
NAA10	-0.02	1	-0.122635
METTL7B	-0.02	1	-0.122635
PSMC1	-0.021	1	-0.128474
SFRS6	-0.021	1	-0.128474
RAB3GAP1	-0.021	1	-0.128474
COG4	-0.021	1	-0.128474
LONP1	-0.021	1	-0.128474
SNRPC	-0.021	1	-0.128474
ANKRD27	-0.021	1	-0.128474
RAB7A	-0.021	1	-0.128474
SASS6	-0.021	1	-0.128474
RNF213	-0.021	1	-0.128474
ARL6	-0.021	1	-0.128474
XPO6	-0.021	1	-0.128474
NDRG1	-0.022	1	-0.134314
EXOC2	-0.022	1	-0.134314
MDN1	-0.022	1	-0.134314
RG9MTD1	-0.022	1	-0.134314
GNA13	-0.022	1	-0.134314
GNAS	-0.022	1	-0.134314
MRPL39	-0.022	1	-0.134314
SNRNP200	-0.022	1	-0.134314
FIGNL1	-0.022	1	-0.134314
RPS7	-0.022	1	-0.134314
PLOD1	-0.022	1	-0.134314
TRAPPC5	-0.022	1	-0.134314
DDX51	-0.023	1	-0.140154
PRIM1	-0.023	1	-0.140154
ARAF	-0.023	1	-0.140154
USP39	-0.023	1	-0.140154
GLT8D1	-0.023	1	-0.140154
CCT5	-0.023	1	-0.140154
POLD1	-0.023	1	-0.140154
NCOR2	-0.023	1	-0.140154
MAD1L1	-0.023	1	-0.140154
PGD	-0.023	1	-0.140154
GSK3B	-0.024	1	-0.145994
SLC25A24	-0.024	1	-0.145994
TRIM28	-0.024	1	-0.145994
MCAT	-0.024	1	-0.145994
DYNC1H1	-0.024	1	-0.145994
MAPRE1	-0.024	1	-0.145994
MTX2	-0.024	1	-0.145994
ALG12	-0.025	1	-0.151833
PRMT10	-0.025	1	-0.151833
PPP4C	-0.025	1	-0.151833
EFR3A	-0.025	1	-0.151833
IARS	-0.025	1	-0.151833
FARSA	-0.025	1	-0.151833
UBR5	-0.025	1	-0.151833
GAK	-0.025	1	-0.151833
SNX6	-0.025	1	-0.151833
NSUN4	-0.026	1	-0.157673
ATP5H	-0.026	1	-0.157673
DAD1	-0.026	1	-0.157673
SKIV2L2	-0.026	1	-0.157673
PNKP	-0.026	1	-0.157673
MAN1B1	-0.026	1	-0.157673
BMS1	-0.026	1	-0.157673
C19ORF68	-0.026	1	-0.157673
SNRPA1	-0.026	1	-0.157673
IPO8	-0.026	1	-0.157673
VARS	-0.026	1	-0.157673
TAF6	-0.027	1	-0.163513
IRF3	-0.027	1	-0.163513
PYGL	-0.027	1	-0.163513
STT3B	-0.027	1	-0.163513
NCKIPSD	-0.028	1	-0.169353
RPL37A	-0.028	1	-0.169353
ATP1A1	-0.028	1	-0.169353
VDAC3	-0.028	1	-0.169353
SFRS17A	-0.028	1	-0.169353
RPL3	-0.028	1	-0.169353
GAA	-0.028	1	-0.169353
TMTC3	-0.028	1	-0.169353
FAHD1	-0.028	1	-0.169353
RAB1A	-0.029	1	-0.175192
RRM2B	-0.029	1	-0.175192
NCAPH	-0.029	1	-0.175192
EEFSEC	-0.029	1	-0.175192
PIK3C3	-0.029	1	-0.175192
OSBPL11	-0.029	1	-0.175192
ERLIN2	-0.03	1	-0.181032
MAD2L1	-0.03	1	-0.181032
FDPS	-0.03	1	-0.181032
SFXN3	-0.03	1	-0.181032
BCL2L13	-0.03	1	-0.181032
SPEN	-0.031	1	-0.186872
STXBP1	-0.031	1	-0.186872
SMC3	-0.031	1	-0.186872
EYA3	-0.031	1	-0.186872
RAF1	-0.031	1	-0.186872
C1QBP	-0.031	1	-0.186872
OTUB1	-0.031	1	-0.186872
ANXA11	-0.031	1	-0.186872
CDS2	-0.032	1	-0.192712
DEGS1	-0.032	1	-0.192712
SYMPK	-0.032	1	-0.192712
FAM120A	-0.032	1	-0.192712
TMEM85	-0.033	1	-0.198551
NDUFA13	-0.033	1	-0.198551
SDHB	-0.033	1	-0.198551
NRM	-0.033	1	-0.198551
ZNF687	-0.033	1	-0.198551
UQCC	-0.033	1	-0.198551
DDX47	-0.033	1	-0.198551
TSFM	-0.033	1	-0.198551
PET112L	-0.033	1	-0.198551
DVL2	-0.033	1	-0.198551
NSDHL	-0.034	1	-0.204391
ELP3	-0.034	1	-0.204391
UPF1	-0.034	1	-0.204391
BRIX1	-0.034	1	-0.204391
SLC25A40	-0.035	1	-0.210231
HEATR1	-0.035	1	-0.210231
TMEM177	-0.035	1	-0.210231
TOE1	-0.035	1	-0.210231
DLAT	-0.035	1	-0.210231
SMEK2	-0.036	1	-0.216071
IPO4	-0.036	1	-0.216071
NUTF2	-0.036	1	-0.216071
QRSL1	-0.036	1	-0.216071
MAPK14	-0.037	1	-0.22191
SNX2	-0.037	1	-0.22191
DNAJC10	-0.037	1	-0.22191
ARHGEF2	-0.037	1	-0.22191
AK1	-0.037	1	-0.22191
AP3S1	-0.037	1	-0.22191
SEC24B	-0.037	1	-0.22191
PKP4	-0.038	1	-0.22775
UCHL5	-0.038	1	-0.22775
CABC1	-0.038	1	-0.22775
FH	-0.038	1	-0.22775
COPG	-0.038	1	-0.22775
LASS2	-0.038	1	-0.22775
DCTN1	-0.038	1	-0.22775
TMED5	-0.039	1	-0.23359
PIGU	-0.039	1	-0.23359
KIF13B	-0.039	1	-0.23359
CPT1A	-0.039	1	-0.23359
PSMD13	-0.039	1	-0.23359
FAR1	-0.039	1	-0.23359
CDK1	-0.039	1	-0.23359
GSTCD	-0.04	1	-0.23943
MYL12B	-0.04	1	-0.23943
ABCF3	-0.04	1	-0.23943
SLC25A11	-0.04	1	-0.23943
PHF8	-0.04	1	-0.23943
ZMYM2	-0.04	1	-0.23943
RAB3D	-0.04	1	-0.23943
CAPZA2	-0.04	1	-0.23943
PLEKHA1	-0.04	1	-0.23943
NDUFS1	-0.04	1	-0.23943
CDYL	-0.04	1	-0.23943
MUT	-0.041	1	-0.245269
COMT	-0.041	1	-0.245269
RING1	-0.041	1	-0.245269
STXBP2	-0.041	1	-0.245269
MAP2K4	-0.041	1	-0.245269
PIK3C2A	-0.041	1	-0.245269
COPA	-0.041	1	-0.245269
CCT2	-0.041	1	-0.245269
TARDBP	-0.042	1	-0.251109
TOMM7	-0.042	1	-0.251109
KIF2C	-0.042	1	-0.251109
SNF8	-0.042	1	-0.251109
C11ORF59	-0.042	1	-0.251109
ECD	-0.042	1	-0.251109
DVL1	-0.043	1	-0.256949
XPO4	-0.043	1	-0.256949
TEX10	-0.043	1	-0.256949
RPS3	-0.043	1	-0.256949
NUP107	-0.043	1	-0.256949
DDX49	-0.043	1	-0.256949
LNPEP	-0.043	1	-0.256949
CTPS2	-0.044	1	-0.262789
PTBP1	-0.044	1	-0.262789
IPO9	-0.044	1	-0.262789
EFHA1	-0.044	1	-0.262789
C2ORF56	-0.044	1	-0.262789
CCAR1	-0.044	1	-0.262789
NDUFAF4	-0.044	1	-0.262789
ATP2B1	-0.045	1	-0.268628
FAIM	-0.045	1	-0.268628
DNM3	-0.045	1	-0.268628
SCCPDH	-0.045	1	-0.268628
PISD	-0.045	1	-0.268628
VPS4A	-0.045	1	-0.268628
MAP2K6	-0.045	1	-0.268628
GLB1	-0.046	1	-0.274468
HADHB	-0.046	1	-0.274468
TP53BP2	-0.046	1	-0.274468
CNN2	-0.046	1	-0.274468
NOL9	-0.046	1	-0.274468
RAD54L2	-0.046	1	-0.274468
GNPDA1	-0.046	1	-0.274468
SEC24A	-0.046	1	-0.274468
ZKSCAN1	-0.047	1	-0.280308
RBM33	-0.047	1	-0.280308
TTC5	-0.047	1	-0.280308
DHX15	-0.047	1	-0.280308
SAPS3	-0.047	1	-0.280308
MRPS34	-0.047	1	-0.280308
LDHA	-0.047	1	-0.280308
PAPD4	-0.047	1	-0.280308
PCBP2	-0.048	1	-0.286148
KDM4A	-0.048	1	-0.286148
CUL5	-0.048	1	-0.286148
ELAC2	-0.048	1	-0.286148
FLNC	-0.048	1	-0.286148
SDCBP	-0.048	1	-0.286148
NR2F6	-0.049	1	-0.291987
UPF2	-0.049	1	-0.291987
MINA	-0.049	1	-0.291987
LRCH3	-0.049	1	-0.291987
PDK3	-0.049	1	-0.291987
STAT3	-0.049	1	-0.291987
XRN1	-0.049	1	-0.291987
AP3M1	-0.049	1	-0.291987
FBL	-0.049	1	-0.291987
RNF160	-0.049	1	-0.291987
MRPS26	-0.05	1	-0.297827
ACTR5	-0.05	1	-0.297827
AQR	-0.05	1	-0.297827
ABCE1	-0.05	1	-0.297827
PPP2R5C	-0.05	1	-0.297827
SLIRP	-0.05	1	-0.297827
MAPK9	-0.051	1	-0.303667
RHOG	-0.051	1	-0.303667
POLE	-0.051	1	-0.303667
UBA2	-0.051	1	-0.303667
LARS2	-0.051	1	-0.303667
PHB	-0.051	1	-0.303667
INTS10	-0.051	1	-0.303667
SHPRH	-0.051	1	-0.303667
AMMECR1	-0.051	1	-0.303667
RBM27	-0.051	1	-0.303667
AP3M2	-0.051	1	-0.303667
CPSF3L	-0.051	1	-0.303667
EXOSC1	-0.051	1	-0.303667
TIMM23	-0.052	1	-0.309507
DAZAP1	-0.052	1	-0.309507
SMPD4	-0.052	1	-0.309507
PSMD3	-0.052	1	-0.309507
RCC1	-0.052	1	-0.309507
CDC27	-0.052	1	-0.309507
ACSF2	-0.052	1	-0.309507
LYPLA2	-0.052	1	-0.309507
KIAA0391	-0.053	1	-0.315346
PKMYT1	-0.053	1	-0.315346
NOP58	-0.053	1	-0.315346
FAM98B	-0.053	1	-0.315346
DYNC1LI2	-0.053	1	-0.315346
CTU2	-0.053	1	-0.315346
GPX1	-0.054	1	-0.321186
CANX	-0.054	1	-0.321186
HNRNPA0	-0.054	1	-0.321186
AGPAT1	-0.054	1	-0.321186
DDX1	-0.054	1	-0.321186
CCT3	-0.054	1	-0.321186
NMD3	-0.054	1	-0.321186
AK6	-0.054	1	-0.321186
PSMD1	-0.054	1	-0.321186
VIPAR	-0.054	1	-0.321186
PKN1	-0.054	1	-0.321186
GBA	-0.054	1	-0.321186
HUS1	-0.055	1	-0.327026
ZNF8	-0.055	1	-0.327026
KHSRP	-0.055	1	-0.327026
SCO2	-0.055	1	-0.327026
GLUD1	-0.055	1	-0.327026
HSDL2	-0.055	1	-0.327026
KNTC1	-0.055	1	-0.327026
CPNE1	-0.055	1	-0.327026
MYO19	-0.055	1	-0.327026
SETD1A	-0.056	1	-0.332866
KIF1C	-0.056	1	-0.332866
NUDT21	-0.056	1	-0.332866
SBNO1	-0.056	1	-0.332866
XPO7	-0.056	1	-0.332866
DCAKD	-0.056	1	-0.332866
ZFHX4	-0.056	1	-0.332866
EIF3E	-0.056	1	-0.332866
INTS1	-0.057	1	-0.338705
ADD2	-0.057	1	-0.338705
PPP2R5D	-0.057	1	-0.338705
RHEB	-0.057	1	-0.338705
TRMT2A	-0.057	1	-0.338705
RAB9A	-0.058	1	-0.344545
OSGEP	-0.058	1	-0.344545
CCDC109A	-0.058	1	-0.344545
NBN	-0.058	1	-0.344545
GLUD2	-0.058	1	-0.344545
CAND1	-0.058	1	-0.344545
RBM9	-0.058	1	-0.344545
EEF1A2	-0.058	1	-0.344545
NOL8	-0.058	1	-0.344545
TRMT11	-0.058	1	-0.344545
TTF2	-0.059	1	-0.350385
AAAS	-0.059	1	-0.350385
ADPRHL2	-0.059	1	-0.350385
PRPF3	-0.059	1	-0.350385
WARS	-0.059	1	-0.350385
FAHD2A	-0.059	1	-0.350385
RIPK1	-0.059	1	-0.350385
CBX8	-0.06	1	-0.356225
ABCB10	-0.06	1	-0.356225
WRNIP1	-0.06	1	-0.356225
DDX55	-0.06	1	-0.356225
NAA40	-0.06	1	-0.356225
ACSL1	-0.06	1	-0.356225
CYB5R1	-0.06	1	-0.356225
NDRG3	-0.06	1	-0.356225
OMA1	-0.06	1	-0.356225
STK39	-0.061	1	-0.362064
ATAD1	-0.061	1	-0.362064
MSH3	-0.061	1	-0.362064
RRM1	-0.061	1	-0.362064
NT5DC2	-0.061	1	-0.362064
IPO5	-0.061	1	-0.362064
NOL11	-0.062	1	-0.367904
PDIA6	-0.062	1	-0.367904
TTC37	-0.062	1	-0.367904
ETF1	-0.062	1	-0.367904
GUF1	-0.062	1	-0.367904
CUL1	-0.062	1	-0.367904
RBM17	-0.062	1	-0.367904
RPS15A	-0.062	1	-0.367904
MED20	-0.063	1	-0.373744
KPNB1	-0.063	1	-0.373744
DHX40	-0.063	1	-0.373744
DIMT1L	-0.063	1	-0.373744
MARS2	-0.063	1	-0.373744
ACACA	-0.063	1	-0.373744
SAMM50	-0.063	1	-0.373744
RAP2C	-0.063	1	-0.373744
SDR39U1	-0.063	1	-0.373744
PTK2	-0.063	1	-0.373744
TALDO1	-0.063	1	-0.373744
PCID2	-0.064	1	-0.379584
GPKOW	-0.064	1	-0.379584
NVL	-0.064	1	-0.379584
EEF1E1	-0.064	1	-0.379584
UBE2D1	-0.064	1	-0.379584
DHCR7	-0.065	1	-0.385423
HNRNPH2	-0.065	1	-0.385423
NUP160	-0.065	1	-0.385423
FIP1L1	-0.065	1	-0.385423
MRPL53	-0.065	1	-0.385423
PFKM	-0.065	1	-0.385423
NR2F1	-0.066	1	-0.391263
MTCH1	-0.066	1	-0.391263
RPN1	-0.066	1	-0.391263
SCYL2	-0.066	1	-0.391263
RSU1	-0.066	1	-0.391263
RPS6KB1	-0.066	1	-0.391263
MPI	-0.066	1	-0.391263
GPR180	-0.067	1	-0.397103
TUFM	-0.067	1	-0.397103
SNTA1	-0.067	1	-0.397103
ERAP1	-0.067	1	-0.397103
RIF1	-0.067	1	-0.397103
AKAP1	-0.067	1	-0.397103
C3ORF31	-0.067	1	-0.397103
ACAT1	-0.067	1	-0.397103
HK1	-0.067	1	-0.397103
CSK	-0.067	1	-0.397103
PPP1R8	-0.067	1	-0.397103
ZFYVE21	-0.067	1	-0.397103
NUP205	-0.068	1	-0.402943
RBM39	-0.068	1	-0.402943
PRDX5	-0.068	1	-0.402943
MAPK1	-0.068	1	-0.402943
KIAA1033	-0.068	1	-0.402943
UBA3	-0.068	1	-0.402943
PSMA3	-0.068	1	-0.402943
DDX27	-0.069	1	-0.408782
PIGK	-0.069	1	-0.408782
SF1	-0.069	1	-0.408782
HSD17B12	-0.07	1	-0.414622
IFT80	-0.07	1	-0.414622
KIF1A	-0.07	1	-0.414622
DYNC2H1	-0.07	1	-0.414622
PRMT3	-0.07	1	-0.414622
AGK	-0.07	1	-0.414622
DHX34	-0.07	1	-0.414622
C4ORF27	-0.07	1	-0.414622
EHD1	-0.07	1	-0.414622
TUBGCP4	-0.07	1	-0.414622
NCOR1	-0.07	1	-0.414622
FTO	-0.07	1	-0.414622
DCLK1	-0.071	1	-0.420462
BPHL	-0.071	1	-0.420462
FANCD2	-0.071	1	-0.420462
U2AF2	-0.072	1	-0.426302
UQCRC2	-0.072	1	-0.426302
VARS2	-0.072	1	-0.426302
CLPX	-0.072	1	-0.426302
POLR2A	-0.072	1	-0.426302
ATG3	-0.072	1	-0.426302
DIAPH1	-0.072	1	-0.426302
PARVA	-0.072	1	-0.426302
ZNF385A	-0.072	1	-0.426302
TMLHE	-0.072	1	-0.426302
DPY19L1	-0.073	1	-0.432141
TNPO3	-0.073	1	-0.432141
NOC3L	-0.073	1	-0.432141
PAPSS1	-0.073	1	-0.432141
RAB2A	-0.073	1	-0.432141
MTX3	-0.073	1	-0.432141
PDCD6IP	-0.073	1	-0.432141
EFHD2	-0.073	1	-0.432141
ISG20L2	-0.073	1	-0.432141
FUCA2	-0.073	1	-0.432141
STEAP3	-0.073	1	-0.432141
GNL3	-0.074	1	-0.437981
EARS2	-0.074	1	-0.437981
EED	-0.074	1	-0.437981
BCOR	-0.074	1	-0.437981
AARS	-0.074	1	-0.437981
CDK18	-0.074	1	-0.437981
EXOC1	-0.074	1	-0.437981
PDLIM7	-0.074	1	-0.437981
CCT7	-0.074	1	-0.437981
SESN2	-0.075	1	-0.443821
SEC22B	-0.075	1	-0.443821
NUDT1	-0.075	1	-0.443821
UQCRC1	-0.075	1	-0.443821
GTF3C4	-0.075	1	-0.443821
CYFIP1	-0.075	1	-0.443821
CNOT10	-0.075	1	-0.443821
STK4	-0.075	1	-0.443821
SPCS3	-0.075	1	-0.443821
FPGT	-0.075	1	-0.443821
TRIM33	-0.076	1	-0.449661
DHRS7B	-0.076	1	-0.449661
NUP93	-0.076	1	-0.449661
DIS3	-0.076	1	-0.449661
USP24	-0.076	1	-0.449661
TCP1	-0.076	1	-0.449661
LGTN	-0.076	1	-0.449661
PPP2R2A	-0.076	1	-0.449661
TAF4	-0.077	1	-0.4555
KIF11	-0.077	1	-0.4555
TMEM48	-0.077	1	-0.4555
ANAPC7	-0.077	1	-0.4555
SCYL1	-0.077	1	-0.4555
STAT1	-0.077	1	-0.4555
PGK1	-0.077	1	-0.4555
AP2S1	-0.078	1	-0.46134
IDH2	-0.078	1	-0.46134
SLC25A32	-0.078	1	-0.46134
BDH1	-0.078	1	-0.46134
ABCD3	-0.078	1	-0.46134
RFC5	-0.078	1	-0.46134
IGF2BP2	-0.078	1	-0.46134
DCP1A	-0.078	1	-0.46134
CYP20A1	-0.079	1	-0.46718
PRPF4B	-0.079	1	-0.46718
ESPL1	-0.079	1	-0.46718
SMARCD2	-0.079	1	-0.46718
PTPN13	-0.079	1	-0.46718
ACO2	-0.079	1	-0.46718
PFAS	-0.079	1	-0.46718
AMFR	-0.079	1	-0.46718
PIGA	-0.08	1	-0.473019
PRKDC	-0.08	1	-0.473019
ERCC3	-0.08	1	-0.473019
TST	-0.08	1	-0.473019
TFB1M	-0.08	1	-0.473019
C12ORF10	-0.08	1	-0.473019
POLD2	-0.08	1	-0.473019
ACTL6A	-0.08	1	-0.473019
UMPS	-0.08	1	-0.473019
ELOVL1	-0.081	1	-0.478859
SRP54	-0.081	1	-0.478859
ALG1	-0.081	1	-0.478859
FKBP5	-0.081	1	-0.478859
SAR1A	-0.081	1	-0.478859
DNAJB4	-0.081	1	-0.478859
RETSAT	-0.081	1	-0.478859
ASCC1	-0.081	1	-0.478859
UCK2	-0.082	1	-0.484699
AP2A2	-0.082	1	-0.484699
FFR	-0.083	1	-0.490539
ABCA3	-0.083	1	-0.490539
MTOR	-0.083	1	-0.490539
ABCF2	-0.083	1	-0.490539
TUBD1	-0.083	1	-0.490539
CDK5RAP1	-0.084	1	-0.496378
SRP68	-0.084	1	-0.496378
KIF22	-0.084	1	-0.496378
PYCR1	-0.085	1	-0.502218
APTX	-0.085	1	-0.502218
HSPB1	-0.085	1	-0.502218
INTS4	-0.085	1	-0.502218
SRM	-0.085	1	-0.502218
ZNF281	-0.085	1	-0.502218
RAD51	-0.085	1	-0.502218
PALLD	-0.085	1	-0.502218
UBA5	-0.085	1	-0.502218
WDR3	-0.086	1	-0.508058
ZNF574	-0.086	1	-0.508058
CCT4	-0.086	1	-0.508058
UBR4	-0.086	1	-0.508058
YARS	-0.086	1	-0.508058
ATXN10	-0.086	1	-0.508058
BAT2L2	-0.086	1	-0.508058
KATNB1	-0.086	1	-0.508058
NXF1	-0.087	1	-0.513898
HSDL1	-0.087	1	-0.513898
NUP35	-0.087	1	-0.513898
NUP133	-0.087	1	-0.513898
PRKAR2B	-0.087	1	-0.513898
PDPK1	-0.087	1	-0.513898
RINT1	-0.087	1	-0.513898
PAPOLA	-0.088	1	-0.519737
RARS2	-0.088	1	-0.519737
IPO11	-0.088	1	-0.519737
NDUFS2	-0.088	1	-0.519737
QPCTL	-0.088	1	-0.519737
FAM48A	-0.088	1	-0.519737
PPP2R1A	-0.088	1	-0.519737
GDI2	-0.088	1	-0.519737
ATP2A2	-0.089	1	-0.525577
TMEM209	-0.089	1	-0.525577
RMND1	-0.089	1	-0.525577
HYOU1	-0.089	1	-0.525577
RAB24	-0.089	1	-0.525577
LIG3	-0.089	1	-0.525577
RNMTL1	-0.089	1	-0.525577
RAN	-0.089	1	-0.525577
AHSA1	-0.089	1	-0.525577
FADS1	-0.089	1	-0.525577
RPL35	-0.09	1	-0.531417
NUP188	-0.09	1	-0.531417
PRPF31	-0.09	1	-0.531417
TNPO1	-0.09	1	-0.531417
MCM7	-0.09	1	-0.531417
TPX2	-0.09	1	-0.531417
STK38L	-0.09	1	-0.531417
C1ORF103	-0.091	1	-0.537257
ACSL3	-0.091	1	-0.537257
NUP37	-0.091	1	-0.537257
CTSD	-0.091	1	-0.537257
GTPBP5	-0.091	1	-0.537257
TRAM1	-0.092	1	-0.543096
SLC25A5	-0.092	1	-0.543096
NUP85	-0.092	1	-0.543096
TMEM56	-0.092	1	-0.543096
AARS2	-0.092	1	-0.543096
AKAP10	-0.092	1	-0.543096
PIK3R4	-0.092	1	-0.543096
DDX6	-0.092	1	-0.543096
PPA2	-0.092	1	-0.543096
MKRN2	-0.092	1	-0.543096
FEN1	-0.092	1	-0.543096
PANK4	-0.092	1	-0.543096
PRPS2	-0.092	1	-0.543096
DDX11	-0.092	1	-0.543096
NUP214	-0.093	1	-0.548936
KPNA5	-0.093	1	-0.548936
PRPS1	-0.093	1	-0.548936
TROVE2	-0.093	1	-0.548936
TUBA4A	-0.094	1	-0.554776
G6PD	-0.094	1	-0.554776
RARS	-0.094	1	-0.554776
PSMD7	-0.094	1	-0.554776
HPRT1	-0.094	1	-0.554776
CTSC	-0.095	1	-0.560616
THUMPD2	-0.095	1	-0.560616
PRUNE	-0.095	1	-0.560616
PSMC5	-0.095	1	-0.560616
UGDH	-0.095	1	-0.560616
NBEA	-0.095	1	-0.560616
NT5C3L	-0.095	1	-0.560616
CAPN2	-0.095	1	-0.560616
MED23	-0.096	1	-0.566455
PTPRF	-0.096	1	-0.566455
ORC2L	-0.096	1	-0.566455
METT5D1	-0.096	1	-0.566455
RNF2	-0.096	1	-0.566455
XRN2	-0.096	1	-0.566455
WDR34	-0.096	1	-0.566455
BLVRA	-0.096	1	-0.566455
TAF6L	-0.097	1	-0.572295
GSTK1	-0.097	1	-0.572295
RAB6A	-0.097	1	-0.572295
PSMD6	-0.097	1	-0.572295
NDUFA12	-0.097	1	-0.572295
SKIV2L	-0.097	1	-0.572295
DSCR3	-0.097	1	-0.572295
TMEM97	-0.098	1	-0.578135
MRPS9	-0.098	1	-0.578135
MORC3	-0.098	1	-0.578135
WWP2	-0.098	1	-0.578135
IARS2	-0.098	1	-0.578135
RAB6B	-0.098	1	-0.578135
FBXO7	-0.098	1	-0.578135
RPS12	-0.099	1	-0.583975
ABCC4	-0.099	1	-0.583975
PPT1	-0.099	1	-0.583975
C1ORF57	-0.099	1	-0.583975
ECM29	-0.099	1	-0.583975
MUM1	-0.099	1	-0.583975
PDS5A	-0.1	1	-0.589814
TKT	-0.1	1	-0.589814
PRKACB	-0.1	1	-0.589814
HNRNPK	-0.1	1	-0.589814
UTP14A	-0.1	1	-0.589814
CCT6A	-0.1	1	-0.589814
SMARCD1	-0.1	1	-0.589814
PSMD11	-0.1	1	-0.589814
COQ5	-0.101	1	-0.595654
C4ORF14	-0.101	1	-0.595654
TRAP1	-0.101	1	-0.595654
GNB2L1	-0.101	1	-0.595654
USP16	-0.101	1	-0.595654
DCP2	-0.101	1	-0.595654
NOL6	-0.101	1	-0.595654
EXOC3	-0.101	1	-0.595654
MARS	-0.102	1	-0.601494
GART	-0.102	1	-0.601494
ATL1	-0.102	1	-0.601494
MRPL14	-0.102	1	-0.601494
LRRC40	-0.102	1	-0.601494
TXN	-0.102	1	-0.601494
AURKB	-0.103	1	-0.607334
PTP4A1	-0.103	1	-0.607334
TFB2M	-0.103	1	-0.607334
RIOK2	-0.103	1	-0.607334
INTS3	-0.103	1	-0.607334
MOCS3	-0.104	1	-0.613173
OXCT1	-0.104	1	-0.613173
KPNA2	-0.104	1	-0.613173
FNDC3A	-0.104	1	-0.613173
RNF25	-0.104	1	-0.613173
PTDSS1	-0.104	1	-0.613173
NAA35	-0.104	1	-0.613173
EIF2B4	-0.104	1	-0.613173
MRPS27	-0.105	1	-0.619013
SNRPD3	-0.105	1	-0.619013
IPO7	-0.105	1	-0.619013
TRMT5	-0.105	1	-0.619013
METTL11A	-0.105	1	-0.619013
MRPL13	-0.105	1	-0.619013
ANLN	-0.105	1	-0.619013
EIF2B3	-0.106	1	-0.624853
FLOT2	-0.106	1	-0.624853
RICTOR	-0.106	1	-0.624853
CDK5RAP3	-0.106	1	-0.624853
IRAK1	-0.106	1	-0.624853
CDK2	-0.106	1	-0.624853
CDC23	-0.106	1	-0.624853
DARS2	-0.106	1	-0.624853
IQSEC1	-0.106	1	-0.624853
LRWD1	-0.107	1	-0.630693
ATG7	-0.107	1	-0.630693
EYA4	-0.107	1	-0.630693
UBE3C	-0.107	1	-0.630693
MED14	-0.107	1	-0.630693
DNAJC11	-0.107	1	-0.630693
TTK	-0.107	1	-0.630693
RFC1	-0.108	1	-0.636532
SCFD1	-0.108	1	-0.636532
FLAD1	-0.108	1	-0.636532
KIAA0776	-0.108	1	-0.636532
ALDH7A1	-0.108	1	-0.636532
FUK	-0.108	1	-0.636532
HSPA9	-0.108	1	-0.636532
C12ORF23	-0.108	1	-0.636532
SNX7	-0.108	1	-0.636532
NHLRC2	-0.108	1	-0.636532
PCCB	-0.109	1	-0.642372
EXD2	-0.109	1	-0.642372
ACACB	-0.109	1	-0.642372
ERGIC1	-0.109	1	-0.642372
GRB10	-0.109	1	-0.642372
LARP4	-0.109	1	-0.642372
EIF2B1	-0.11	1	-0.648212
KIAA0564	-0.11	1	-0.648212
UAP1L1	-0.11	1	-0.648212
ARMC9	-0.11	1	-0.648212
RAB14	-0.111	1	-0.654052
PDK1	-0.111	1	-0.654052
DNM2	-0.111	1	-0.654052
DHFR	-0.111	1	-0.654052
SCPEP1	-0.112	1	-0.659891
ALG5	-0.112	1	-0.659891
GTF2B	-0.112	1	-0.659891
TRIP12	-0.113	1	-0.665731
RPTOR	-0.113	1	-0.665731
GALK1	-0.113	1	-0.665731
C3ORF58	-0.113	1	-0.665731
SYNJ1	-0.113	1	-0.665731
MCCC1	-0.114	1	-0.671571
DOCK11	-0.114	1	-0.671571
NCAPG	-0.114	1	-0.671571
NUB1	-0.114	1	-0.671571
ZDHHC17	-0.114	1	-0.671571
POLG	-0.115	1	-0.677411
ALDH18A1	-0.115	1	-0.677411
NDUFA10	-0.115	1	-0.677411
CBX2	-0.115	1	-0.677411
VAMP7	-0.115	1	-0.677411
TUBA1B	-0.115	1	-0.677411
IFIT5	-0.115	1	-0.677411
HSD17B10	-0.116	1	-0.68325
ILF2	-0.116	1	-0.68325
C16ORF62	-0.116	1	-0.68325
PRDX3	-0.116	1	-0.68325
ERCC2	-0.116	1	-0.68325
GTPBP6	-0.116	1	-0.68325
PRAF2	-0.116	1	-0.68325
PRKAB1	-0.116	1	-0.68325
RRAS	-0.116	1	-0.68325
SMARCAL1	-0.116	1	-0.68325
VPS33B	-0.116	1	-0.68325
EGLN1	-0.116	1	-0.68325
DNAJA3	-0.117	1	-0.68909
LAP3	-0.117	1	-0.68909
GCN1L1	-0.117	1	-0.68909
TTLL12	-0.117	1	-0.68909
GNA11	-0.117	1	-0.68909
DRG2	-0.117	1	-0.68909
BRP44	-0.117	1	-0.68909
ACP1	-0.117	1	-0.68909
RPL11	-0.118	1	-0.69493
PSME4	-0.118	1	-0.69493
UBXN7	-0.118	1	-0.69493
FTSJ3	-0.119	1	-0.70077
IDH3B	-0.119	1	-0.70077
MCM4	-0.119	1	-0.70077
GMPPA	-0.119	1	-0.70077
CHORDC1	-0.119	1	-0.70077
HNRNPUL2	-0.119	1	-0.70077
UBXN6	-0.119	1	-0.70077
GTF3C3	-0.119	1	-0.70077
ISYNA1	-0.119	1	-0.70077
OSBPL8	-0.12	1	-0.706609
PRPF4	-0.12	1	-0.706609
ANO10	-0.12	1	-0.706609
NPEPPS	-0.12	1	-0.706609
MEMO1	-0.121	1	-0.712449
TNPO2	-0.121	1	-0.712449
AFG3L2	-0.121	1	-0.712449
MED16	-0.121	1	-0.712449
UTP18	-0.121	1	-0.712449
PM20D2	-0.121	1	-0.712449
ARL10	-0.121	1	-0.712449
GMDS	-0.122	1	-0.718289
INTS7	-0.123	1	-0.724129
TMEM165	-0.123	1	-0.724129
MRPL37	-0.123	1	-0.724129
COPG2	-0.123	1	-0.724129
PTPLAD1	-0.124	1	-0.729968
CDC42EP1	-0.124	1	-0.729968
CPSF6	-0.125	1	-0.735808
TIMM50	-0.125	1	-0.735808
PC	-0.125	1	-0.735808
SCAMP3	-0.125	1	-0.735808
C14ORF21	-0.125	1	-0.735808
PRKACA	-0.125	1	-0.735808
NUP153	-0.125	1	-0.735808
SLC25A15	-0.125	1	-0.735808
EEF1A1	-0.125	1	-0.735808
HSPD1	-0.125	1	-0.735808
WDR75	-0.126	1	-0.741648
ZNF768	-0.126	1	-0.741648
CFL1	-0.126	1	-0.741648
MAP2K1	-0.126	1	-0.741648
HOXA10	-0.126	1	-0.741648
SLC30A9	-0.127	1	-0.747488
SLC25A21	-0.127	1	-0.747488
SLC25A6	-0.127	1	-0.747488
AGPS	-0.127	1	-0.747488
DDX28	-0.127	1	-0.747488
TOP3B	-0.127	1	-0.747488
CECR5	-0.129	1	-0.759167
MRPS30	-0.129	1	-0.759167
TUBGCP3	-0.129	1	-0.759167
CDK5	-0.129	1	-0.759167
DCAF7	-0.129	1	-0.759167
MTP18	-0.129	1	-0.759167
DUSP9	-0.129	1	-0.759167
TBPL1	-0.129	1	-0.759167
XRCC5	-0.129	1	-0.759167
MAT2A	-0.129	1	-0.759167
MSI1	-0.13	1	-0.765007
RPUSD3	-0.13	1	-0.765007
PCCA	-0.13	1	-0.765007
DPM1	-0.13	1	-0.765007
YARS2	-0.13	1	-0.765007
ACAD10	-0.13	1	-0.765007
CFL2	-0.13	1	-0.765007
RHBDD2	-0.131	1	-0.770847
CEBPZ	-0.131	1	-0.770847
MCM3AP	-0.131	1	-0.770847
ASNS	-0.131	1	-0.770847
WDR11	-0.131	1	-0.770847
RANBP6	-0.131	1	-0.770847
DHTKD1	-0.132	1	-0.776686
ALDH2	-0.132	1	-0.776686
INF2	-0.132	1	-0.776686
CIRH1A	-0.132	1	-0.776686
KDELC2	-0.132	1	-0.776686
COASY	-0.132	1	-0.776686
HLTF	-0.132	1	-0.776686
RAB5A	-0.133	1	-0.782526
ETFB	-0.133	1	-0.782526
SNRPD1	-0.133	1	-0.782526
NAT14	-0.134	1	-0.788366
NT5C3	-0.134	1	-0.788366
NDUFB10	-0.134	1	-0.788366
CPSF2	-0.135	1	-0.794206
CBS	-0.135	1	-0.794206
MKI67IP	-0.135	1	-0.794206
CBWD2	-0.135	1	-0.794206
STK24	-0.135	1	-0.794206
GCDH	-0.135	1	-0.794206
GATAD1	-0.135	1	-0.794206
MTHFD2	-0.136	1	-0.800045
PRIM2	-0.136	1	-0.800045
CNDP2	-0.136	1	-0.800045
DMXL2	-0.136	1	-0.800045
SRR	-0.137	1	-0.805885
TAF9B	-0.137	1	-0.805885
UQCRFS1	-0.137	1	-0.805885
SLC1A5	-0.137	1	-0.805885
PSMD14	-0.137	1	-0.805885
TBC1D9B	-0.137	1	-0.805885
ATXN2L	-0.137	1	-0.805885
PKM2	-0.137	1	-0.805885
TPRKB	-0.137	1	-0.805885
FAM126A	-0.138	1	-0.811725
ALDH1A2	-0.138	1	-0.811725
SC4MOL	-0.138	1	-0.811725
PPM1G	-0.139	1	-0.817565
CDC45	-0.139	1	-0.817565
PIAS1	-0.139	1	-0.817565
RPP30	-0.139	1	-0.817565
CHEK2	-0.139	1	-0.817565
PARL	-0.14	1	-0.823404
TRIM25	-0.14	1	-0.823404
TSNAX	-0.14	1	-0.823404
MRPL38	-0.14	1	-0.823404
PIR	-0.14	1	-0.823404
SLC30A5	-0.14	1	-0.823404
TMED2	-0.141	1	-0.829244
LRRC14	-0.141	1	-0.829244
MPP1	-0.141	1	-0.829244
LIG1	-0.141	1	-0.829244
MPP6	-0.141	1	-0.829244
CNN3	-0.141	1	-0.829244
TAF1C	-0.142	1	-0.835084
COX7A2	-0.142	1	-0.835084
RXRA	-0.142	1	-0.835084
EHD4	-0.142	1	-0.835084
AASS	-0.142	1	-0.835084
PRDX6	-0.142	1	-0.835084
APIP	-0.142	1	-0.835084
CTR9	-0.143	1	-0.840924
SRBD1	-0.143	1	-0.840924
ACAA1	-0.143	1	-0.840924
ARF4	-0.143	1	-0.840924
PON2	-0.143	1	-0.840924
NUP88	-0.145	1	-0.852603
ARF6	-0.145	1	-0.852603
PCMT1	-0.145	1	-0.852603
ARL2	-0.145	1	-0.852603
C2ORF44	-0.145	1	-0.852603
SFXN1	-0.146	1	-0.858443
OPA1	-0.146	1	-0.858443
BCKDHA	-0.146	1	-0.858443
VAV2	-0.146	1	-0.858443
MRPL9	-0.146	1	-0.858443
RPA1	-0.146	1	-0.858443
UTP6	-0.147	1	-0.864283
TRM1L	-0.147	1	-0.864283
GLMN	-0.147	1	-0.864283
PNPLA6	-0.148	1	-0.870122
USP7	-0.148	1	-0.870122
GARS	-0.148	1	-0.870122
ADCK4	-0.148	1	-0.870122
FANCI	-0.149	1	-0.875962
CDC123	-0.15	1	-0.881802
PARN	-0.15	1	-0.881802
MTHFD1	-0.15	1	-0.881802
FAM125A	-0.15	1	-0.881802
ERI1	-0.15	1	-0.881802
UBTF	-0.15	1	-0.881802
USP11	-0.15	1	-0.881802
PRTFDC1	-0.15	1	-0.881802
DNA2	-0.151	1	-0.887642
KIAA1797	-0.151	1	-0.887642
GMPS	-0.151	1	-0.887642
PYGB	-0.151	1	-0.887642
CYP2S1	-0.152	1	-0.893481
TP53RK	-0.152	1	-0.893481
SOAT1	-0.152	1	-0.893481
DNAJC13	-0.152	1	-0.893481
DDOST	-0.153	1	-0.899321
ATP6AP2	-0.153	1	-0.899321
C14ORF166	-0.153	1	-0.899321
CISD1	-0.153	1	-0.899321
GTF2H1	-0.153	1	-0.899321
FANCG	-0.154	1	-0.905161
CNOT8	-0.154	1	-0.905161
HELZ	-0.154	1	-0.905161
MRPS11	-0.154	1	-0.905161
UBAP2L	-0.154	1	-0.905161
VRK2	-0.155	1	-0.911001
ARL8B	-0.155	1	-0.911001
AURKAIP1	-0.155	1	-0.911001
FDFT1	-0.155	1	-0.911001
WRN	-0.156	1	-0.91684
LPCAT3	-0.156	1	-0.91684
RPL38	-0.156	1	-0.91684
C21ORF33	-0.156	1	-0.91684
BRE	-0.156	1	-0.91684
AIFM1	-0.157	1	-0.92268
MRPL10	-0.157	1	-0.92268
SLC25A13	-0.157	1	-0.92268
MSTO1	-0.157	1	-0.92268
KIAA0090	-0.157	1	-0.92268
PARP1	-0.157	1	-0.92268
DHX16	-0.157	1	-0.92268
DYNLRB1	-0.158	1	-0.92852
MPG	-0.158	1	-0.92852
QTRTD1	-0.158	1	-0.92852
CDC42	-0.159	1	-0.934359
TM7SF2	-0.159	1	-0.934359
TMED10	-0.159	1	-0.934359
CSTF3	-0.159	1	-0.934359
NDUFV1	-0.159	1	-0.934359
MRPL15	-0.159	1	-0.934359
OSBP	-0.159	1	-0.934359
VPS16	-0.159	1	-0.934359
CHEK1	-0.159	1	-0.934359
IGHMBP2	-0.159	1	-0.934359
CDKAL1	-0.16	1	-0.940199
MAP2K3	-0.16	1	-0.940199
SLC27A4	-0.16	1	-0.940199
ORC4L	-0.16	1	-0.940199
NET1	-0.16	1	-0.940199
SMEK1	-0.16	1	-0.940199
DLD	-0.161	1	-0.946039
DNAJB6	-0.161	1	-0.946039
ANAPC1	-0.161	1	-0.946039
GPT2	-0.162	1	-0.951879
MAPRE2	-0.162	1	-0.951879
NUDT16	-0.162	1	-0.951879
PLD3	-0.162	1	-0.951879
SMN1	-0.162	1	-0.951879
SLC25A4	-0.163	1	-0.957718
SLC25A19	-0.163	1	-0.957718
FAF2	-0.163	1	-0.957718
MGST3	-0.163	1	-0.957718
ORC5L	-0.163	1	-0.957718
DNM1L	-0.163	1	-0.957718
NNT	-0.163	1	-0.957718
EIF3F	-0.163	1	-0.957718
SMYD3	-0.164	1	-0.963558
SEC63	-0.164	1	-0.963558
WIZ	-0.164	1	-0.963558
TIPRL	-0.164	1	-0.963558
USP10	-0.164	1	-0.963558
PAN2	-0.164	1	-0.963558
POLR3A	-0.164	1	-0.963558
C11ORF73	-0.164	1	-0.963558
ETFA	-0.165	1	-0.969398
COBRA1	-0.165	1	-0.969398
PLOD2	-0.165	1	-0.969398
FAM40A	-0.165	1	-0.969398
COPZ1	-0.166	1	-0.975238
PICALM	-0.166	1	-0.975238
TUBB6	-0.166	1	-0.975238
RPL12	-0.167	1	-0.981077
PIGN	-0.167	1	-0.981077
GAPDH	-0.167	1	-0.981077
ATP1B3	-0.167	1	-0.981077
ITPK1	-0.167	1	-0.981077
EIF3M	-0.168	1	-0.986917
ZNF512B	-0.168	1	-0.986917
ACOT7	-0.168	1	-0.986917
PEF1	-0.169	1	-0.992757
ANXA2	-0.169	1	-0.992757
EIF4ENIF1	-0.169	1	-0.992757
LRRC1	-0.17	1	-0.998597
TBL3	-0.17	1	-0.998597
NUP54	-0.17	1	-0.998597
PSMA7	-0.17	1	-0.998597
EIF2C2	-0.17	1	-0.998597
NR2F2	-0.171	1	-1.00444
CCDC47	-0.171	1	-1.00444
ZNF773	-0.171	1	-1.00444
INTS2	-0.172	1	-1.01028
TUBB4	-0.172	1	-1.01028
SERPINB1	-0.172	1	-1.01028
ORC3L	-0.173	1	-1.01612
AK2	-0.173	1	-1.01612
XAB2	-0.174	1	-1.02196
ATG4B	-0.174	1	-1.02196
GPAA1	-0.174	1	-1.02196
PFKP	-0.174	1	-1.02196
TFIP11	-0.175	1	-1.0278
CPS1	-0.175	1	-1.0278
XPO1	-0.175	1	-1.0278
TAF9	-0.176	1	-1.03364
ATPAF2	-0.176	1	-1.03364
FASTKD2	-0.176	1	-1.03364
PDCD6	-0.176	1	-1.03364
DNAJB5	-0.176	1	-1.03364
LARP4B	-0.177	1	-1.03947
NDUFA9	-0.177	1	-1.03947
DGKE	-0.177	1	-1.03947
BUB3	-0.177	1	-1.03947
PKN2	-0.177	1	-1.03947
RAB11FIP2	-0.178	1	-1.04531
GTF2H2	-0.178	1	-1.04531
SMARCB1	-0.178	1	-1.04531
DDX52	-0.179	1	-1.05115
RAB31	-0.179	1	-1.05115
FOXP1	-0.179	1	-1.05115
XPNPEP1	-0.18	1	-1.05699
PHKB	-0.18	1	-1.05699
DYNLT1	-0.181	1	-1.06283
MYO1E	-0.181	1	-1.06283
POLR2C	-0.182	1	-1.06867
PUS1	-0.182	1	-1.06867
CDIPT	-0.182	1	-1.06867
RPN2	-0.183	1	-1.07451
XRCC6	-0.183	1	-1.07451
COX4NB	-0.184	1	-1.08035
STOML2	-0.184	1	-1.08035
PKN3	-0.184	1	-1.08035
SQLE	-0.184	1	-1.08035
LARS	-0.184	1	-1.08035
DHX8	-0.184	1	-1.08035
RPA3	-0.184	1	-1.08035
HIGD1A	-0.184	1	-1.08035
WAPAL	-0.185	1	-1.08619
THOC2	-0.185	1	-1.08619
STAT5B	-0.185	1	-1.08619
DTNB	-0.185	1	-1.08619
NAMPT	-0.185	1	-1.08619
EPT1	-0.185	1	-1.08619
PFKL	-0.185	1	-1.08619
MRPS21	-0.186	1	-1.09203
GFM2	-0.186	1	-1.09203
MT-ND1	-0.186	1	-1.09203
CLN6	-0.187	1	-1.09787
SGPL1	-0.187	1	-1.09787
GFPT2	-0.187	1	-1.09787
TAOK2	-0.188	1	-1.10371
CLK3	-0.188	1	-1.10371
C6ORF211	-0.188	1	-1.10371
BUB1B	-0.189	1	-1.10955
UTP20	-0.189	1	-1.10955
C16ORF58	-0.189	1	-1.10955
MBD4	-0.189	1	-1.10955
ALDH16A1	-0.189	1	-1.10955
MRPS35	-0.189	1	-1.10955
POLR2L	-0.19	1	-1.11539
PRPSAP1	-0.19	1	-1.11539
TRMT2B	-0.19	1	-1.11539
RPS6KA5	-0.19	1	-1.11539
MTO1	-0.19	1	-1.11539
SULT1A1	-0.19	1	-1.11539
KATNA1	-0.19	1	-1.11539
RPL7L1	-0.191	1	-1.12123
SPTLC2	-0.191	1	-1.12123
STK19	-0.191	1	-1.12123
EIF2B2	-0.191	1	-1.12123
NOC4L	-0.191	1	-1.12123
PAFAH1B3	-0.191	1	-1.12123
HLA-A	-0.192	1	-1.12707
BCCIP	-0.192	1	-1.12707
NDUFB4	-0.192	1	-1.12707
ERI3	-0.192	1	-1.12707
NOSIP	-0.193	1	-1.13291
SLC25A12	-0.194	1	-1.13875
RBM5	-0.194	1	-1.13875
RAB38	-0.195	1	-1.14459
ACADSB	-0.195	1	-1.14459
SNX30	-0.195	1	-1.14459
MRPL23	-0.195	1	-1.14459
ARL1	-0.196	1	-1.15043
NDUFS3	-0.196	1	-1.15043
ARF5	-0.196	1	-1.15043
PHGDH	-0.196	1	-1.15043
NKIRAS2	-0.196	1	-1.15043
THAP11	-0.197	1	-1.15627
POLR1B	-0.197	1	-1.15627
TMEM111	-0.198	1	-1.16211
UBE2I	-0.198	1	-1.16211
FLYWCH1	-0.199	1	-1.16795
FOXRED1	-0.2	1	-1.17379
KIAA0196	-0.2	1	-1.17379
JAGN1	-0.201	1	-1.17963
PATZ1	-0.201	1	-1.17963
PTPN23	-0.201	1	-1.17963
RAB7L1	-0.201	1	-1.17963
DGKA	-0.201	1	-1.17963
COIL	-0.201	1	-1.17963
XPOT	-0.202	1	-1.18547
EDRF1	-0.202	1	-1.18547
MYO9B	-0.202	1	-1.18547
PARP2	-0.203	1	-1.19131
RANBP3	-0.203	1	-1.19131
MT-CO2	-0.203	1	-1.19131
PPA1	-0.203	1	-1.19131
TUBGCP2	-0.203	1	-1.19131
SLC7A1	-0.204	1	-1.19715
FRYL	-0.204	1	-1.19715
OXSR1	-0.204	1	-1.19715
ORC1L	-0.204	1	-1.19715
ACO1	-0.204	1	-1.19715
TUBB2C	-0.205	1	-1.20299
PAQR4	-0.205	1	-1.20299
PSMA2	-0.206	1	-1.20883
AGPAT6	-0.206	1	-1.20883
AGPAT5	-0.207	1	-1.21467
USP38	-0.207	1	-1.21467
UBE2L3	-0.207	1	-1.21467
NLRX1	-0.207	1	-1.21467
LONP2	-0.208	1	-1.22051
TUBB3	-0.208	1	-1.22051
TIMM44	-0.208	1	-1.22051
MST4	-0.209	1	-1.22635
FSCN1	-0.209	1	-1.22635
RTCD1	-0.21	1	-1.23219
KCMF1	-0.211	1	-1.23803
PSMA5	-0.211	1	-1.23803
TUBB	-0.211	1	-1.23803
PDP1	-0.212	1	-1.24387
NSUN5	-0.212	1	-1.24387
RABL3	-0.212	1	-1.24387
SERPINH1	-0.212	1	-1.24387
HK2	-0.213	1	-1.24971
SLC25A30	-0.214	1	-1.25555
YEATS2	-0.214	1	-1.25555
ALDH4A1	-0.214	1	-1.25555
SFXN2	-0.215	1	-1.26139
EIF1AX	-0.215	1	-1.26139
NUBP2	-0.215	1	-1.26139
PDHB	-0.216	1	-1.26723
VPRBP	-0.216	1	-1.26723
NUPL2	-0.216	1	-1.26723
NUDCD2	-0.216	1	-1.26723
EXOSC3	-0.216	1	-1.26723
INPP4A	-0.216	1	-1.26723
TOMM22	-0.217	1	-1.27306
SLC3A2	-0.217	1	-1.27306
OXNAD1	-0.217	1	-1.27306
SKP2	-0.217	1	-1.27306
ARL8A	-0.218	1	-1.2789
HECTD3	-0.218	1	-1.2789
INTS6	-0.218	1	-1.2789
SPAST	-0.219	1	-1.28474
PECI	-0.219	1	-1.28474
P4HA1	-0.219	1	-1.28474
LSM4	-0.219	1	-1.28474
RPRD2	-0.22	1	-1.29058
ACOT8	-0.221	1	-1.29642
C9ORF64	-0.221	1	-1.29642
TUBB2A	-0.221	1	-1.29642
MT-ND2	-0.222	1	-1.30226
SNX8	-0.222	1	-1.30226
NDUFS8	-0.222	1	-1.30226
TUBB2B	-0.222	1	-1.30226
GPSM1	-0.223	1	-1.3081
SEC11C	-0.224	1	-1.31394
PPP2R1B	-0.224	1	-1.31394
LDLRAP1	-0.224	1	-1.31394
PCGF1	-0.225	1	-1.31978
ALDH1B1	-0.225	1	-1.31978
GTPBP8	-0.227	1	-1.33146
MOCS2	-0.227	1	-1.33146
C8ORF38	-0.227	1	-1.33146
RPS15	-0.228	1	-1.3373
FBXL12	-0.228	1	-1.3373
EPHA2	-0.229	1	-1.34314
MMS19	-0.229	1	-1.34314
CYP51A1	-0.229	1	-1.34314
SNRPE	-0.229	1	-1.34314
MPST	-0.23	1	-1.34898
CUL4A	-0.23	1	-1.34898
PARVB	-0.23	1	-1.34898
DVL3	-0.23	1	-1.34898
EIF6	-0.231	1	-1.35482
POLR2E	-0.232	1	-1.36066
MRPL44	-0.233	1	-1.3665
APEX1	-0.234	1	-1.37234
L2HGDH	-0.237	1	-1.38986
SARS	-0.237	1	-1.38986
RHOT2	-0.237	1	-1.38986
RABL2A	-0.237	1	-1.38986
ARF1	-0.238	1	-1.3957
RPLP1	-0.239	1	-1.40154
GPR89A	-0.24	1	-1.40738
TRNT1	-0.241	1	-1.41322
ENO1	-0.242	1	-1.41906
GPD1L	-0.242	1	-1.41906
NUP62	-0.243	1	-1.4249
ZBTB33	-0.245	1	-1.43658
THNSL1	-0.246	1	-1.44242
C17ORF42	-0.247	1	-1.44826
ELMO2	-0.248	1	-1.4541
UCKL1	-0.248	1	-1.4541
TTRAP	-0.249	1	-1.45994
KIF16B	-0.252	1	-1.47746
C19ORF25	-0.253	1	-1.4833
QRICH1	-0.253	1	-1.4833
ALKBH4	-0.253	1	-1.4833
AP4S1	-0.253	1	-1.4833
RUFY3	-0.254	1	-1.48914
FRMD6	-0.254	1	-1.48914
MTR	-0.254	1	-1.48914
FASTKD1	-0.255	1	-1.49498
FAM49A	-0.255	1	-1.49498
KLHL9	-0.256	1	-1.50081
ZADH2	-0.257	1	-1.50665
DUS3L	-0.257	1	-1.50665
IFRD1	-0.258	1	-1.51249
KIF18B	-0.258	1	-1.51249
PDE12	-0.258	1	-1.51249
ZNF414	-0.26	1	-1.52417
CUL4B	-0.26	1	-1.52417
AHCTF1	-0.261	1	-1.53001
ERCC1	-0.262	1	-1.53585
PGS1	-0.262	1	-1.53585
TSEN34	-0.262	1	-1.53585
PTPMT1	-0.263	1	-1.54169
ITM2C	-0.263	1	-1.54169
ARL3	-0.263	1	-1.54169
C3ORF38	-0.263	1	-1.54169
AASDHPPT	-0.265	1	-1.55337
TTC13	-0.266	1	-1.55921
ECSIT	-0.266	1	-1.55921
GLIPR2	-0.266	1	-1.55921
PRKCQ	-0.266	1	-1.55921
TYK2	-0.267	1	-1.56505
SLC33A1	-0.267	1	-1.56505
IDI1	-0.267	1	-1.56505
TFDP1	-0.267	1	-1.56505
RPL9	-0.268	1	-1.57089
COMTD1	-0.269	1	-1.57673
NXN	-0.269	1	-1.57673
ULK3	-0.269	1	-1.57673
TGFBRAP1	-0.27	1	-1.58257
MTX1	-0.271	1	-1.58841
COPS5	-0.273	1	-1.60009
TRUB1	-0.273	1	-1.60009
ALDH1L1	-0.274	1	-1.60593
BCKDHB	-0.275	1	-1.61177
TOP3A	-0.276	1	-1.61761
MYST2	-0.276	1	-1.61761
VPS13C	-0.276	1	-1.61761
DOLPP1	-0.276	1	-1.61761
UBE2O	-0.276	1	-1.61761
UBE4A	-0.276	1	-1.61761
PRKCA	-0.277	1	-1.62345
LCMT2	-0.277	1	-1.62345
PRKRA	-0.278	1	-1.62929
MTCH2	-0.28	1	-1.64097
PITRM1	-0.282	1	-1.65265
CLN8	-0.282	1	-1.65265
PARG	-0.282	1	-1.65265
UBE4B	-0.283	1	-1.65849
TTC38	-0.283	1	-1.65849
NDUFA7	-0.284	1	-1.66433
ALDH1L2	-0.284	1	-1.66433
COG1	-0.284	1	-1.66433
MLLT11	-0.284	1	-1.66433
DONSON	-0.284	1	-1.66433
NUDT2	-0.285	1	-1.67017
WWOX	-0.286	1	-1.67601
ZCCHC11	-0.287	1	-1.68185
PTRH2	-0.288	1	-1.68769
GK	-0.288	1	-1.68769
NSUN6	-0.288	1	-1.68769
SNRPF	-0.288	1	-1.68769
SUMF2	-0.289	1	-1.69353
DCP1B	-0.29	1	-1.69937
C7ORF10	-0.29	1	-1.69937
HEATR6	-0.29	1	-1.69937
C3ORF1	-0.29	1	-1.69937
MRPL21	-0.292	1	-1.71105
NAE1	-0.293	1	-1.71689
TRAPPC4	-0.294	1	-1.72273
POLR3C	-0.295	1	-1.72857
TSPYL1	-0.295	1	-1.72857
MGEA5	-0.296	1	-1.7344
NUDT16L1	-0.297	1	-1.74024
RDH13	-0.298	1	-1.74608
IDE	-0.301	1	-1.7636
RPP14	-0.302	1	-1.76944
PPP2CB	-0.302	1	-1.76944
GSE1	-0.303	1	-1.77528
GOLPH3	-0.303	1	-1.77528
ARVCF	-0.303	1	-1.77528
SAAL1	-0.305	1	-1.78696
SLC38A2	-0.309	1	-1.81032
TTC21B	-0.309	1	-1.81032
PRKAA1	-0.31	1	-1.81616
QIL1	-0.311	1	-1.822
GCAT	-0.312	1	-1.82784
HMBS	-0.312	1	-1.82784
SF3B14	-0.32	1	-1.87456
IFRD2	-0.322	1	-1.88624
VPS25	-0.322	1	-1.88624
SSBP1	-0.323	1	-1.89208
C10ORF58	-0.324	1	-1.89792
SLC25A35	-0.326	1	-1.9096
HDAC8	-0.326	1	-1.9096
SARM1	-0.327	1	-1.91544
SNAP47	-0.328	1	-1.92128
WDR36	-0.329	1	-1.92712
A8MWD9	-0.33	1	-1.93296
RNGTT	-0.334	1	-1.95632
DCLRE1A	-0.335	1	-1.96215
BAAT1	-0.338	1	-1.97967
ZMYM1	-0.34	1	-1.99135
EXO1	-0.341	1	-1.99719
RCOR3	-0.343	1	-2.00887
RAD9A	-0.345	1	-2.02055
IDH1	-0.345	1	-2.02055
PCGF5	-0.346	1	-2.02639
MTG1	-0.347	1	-2.03223
KRR1	-0.347	1	-2.03223
ZNF148	-0.351	1	-2.05559
LPGAT1	-0.357	1	-2.09063
PCK2	-0.357	1	-2.09063
POLQ	-0.358	1	-2.09647
PRKAA2	-0.36	1	-2.10815
RHOT1	-0.361	1	-2.11399
SENP8	-0.364	1	-2.13151
POLE2	-0.365	1	-2.13735
PDXP	-0.366	1	-2.14319
SLC1A4	-0.373	1	-2.18407
SEH1L	-0.379	1	-2.2191
ASS1	-0.38	1	-2.22494
BAT2L1	-0.388	1	-2.27166
POLR2J	-0.391	1	-2.28918
METT10D	-0.393	1	-2.30086
HSPA12A	-0.399	1	-2.3359
SELENBP1	-0.399	1	-2.3359
SLC35A3	-0.401	1	-2.34758
FN1	-0.407	1	-2.38262
NAF1	-0.41	1	-2.40014
TTC39A	-0.411	1	-2.40598
MOSC2	-0.414	1	-2.42349
RAB34	-0.414	1	-2.42349
DHX35	-0.42	1	-2.45853
UBR1	-0.422	1	-2.47021
TBC1D7	-0.422	1	-2.47021
BBX	-0.423	1	-2.47605
SLC7A3	-0.425	1	-2.48773
NAB2	-0.431	1	-2.52277
TRPT1	-0.439	1	-2.56949
AGFG2	-0.448	1	-2.62205
WASL	-0.454	1	-2.65708
RNASEN	-0.455	1	-2.66292
METTL7A	-0.455	1	-2.66292
TFDP2	-0.458	1	-2.68044
COG3	-0.466	1	-2.72716
APRT	-0.475	1	-2.77972
VAPB	-0.483	1	-2.82644
SMAD3	-0.484	1	-2.83228
STOML1	-0.487	1	-2.8498
CNNM3	-0.488	1	-2.85564
TRMT6	-0.496	1	-2.90235
DDX42	-0.499	1	-2.91987
PTPRS	-0.514	1	-3.00747
RNASEH2C	-0.522	1	-3.05419
DNPEP	-0.559	1	-3.27026
BAZ1B	-0.563	1	-3.29362
PXN	-0.579	1	-3.38705
SMUG1	-0.602	1	-3.52137
TPR	-0.618	1	-3.6148
FAF1	-0.63	1	-3.68488
HIPK2	-0.649	1	-3.79584
UPRT	-0.692	1	-4.04694
HECA	-0.697	1	-4.07614
PSEN1	-0.754	1	-4.40901
VPS13D	-0.846	1	-4.94627
