name	logFC	P.Value	t
MRPL17	3.184	1	26.5216
ZNF7	2.787	1	23.2158
CHAF1B	2.766	1	23.0409
AMBRA1	2.738	1	22.8078
DTX2	2.653	1	22.1
ZNF16	2.522	1	21.0091
MT-CO3	2.418	1	20.1431
REPIN1	2.416	1	20.1265
EBP	2.404	1	20.0265
WFS1	2.373	1	19.7684
MYST4	2.361	1	19.6685
ZNF235	2.321	1	19.3354
ZNF223	2.321	1	19.3354
ZNF571	2.269	1	18.9024
PEX16	2.252	1	18.7608
ZNF167	2.229	1	18.5693
ZNF860	2.229	1	18.5693
NTHL1	2.142	1	17.8449
TARBP1	2.084	1	17.3619
ZNF229	2.057	1	17.1371
CTH	2.034	1	16.9455
TMED3	1.997	1	16.6374
ZNF234	1.996	1	16.6291
ZNF660	1.996	1	16.6291
TAB2	1.993	1	16.6041
MLL	1.979	1	16.4876
C1ORF77	1.945	1	16.2044
ZNF624	1.911	1	15.9213
TRIP6	1.866	1	15.5466
SCD5	1.844	1	15.3634
GTSE1	1.836	1	15.2968
PTGES3	1.832	1	15.2635
FOXP2	1.824	1	15.1969
ATXN2	1.807	1	15.0553
SCD	1.788	1	14.8971
ZNF420	1.783	1	14.8555
CYBA	1.76	1	14.6639
GATAD2B	1.698	1	14.1477
CMTM4	1.674	1	13.9478
ZNF286A	1.67	1	13.9145
ZNF184	1.67	1	13.9145
PDP2	1.661	1	13.8396
MT-ATP6	1.626	1	13.5481
RBM10	1.541	1	12.8403
ZNF117	1.515	1	12.6238
STX12	1.495	1	12.4573
RDH14	1.493	1	12.4406
HRNR	1.456	1	12.1325
TBC1D5	1.444	1	12.0326
ZNF35	1.44	1	11.9993
RPS23	1.402	1	11.6828
PLEKHA5	1.399	1	11.6579
SBSN	1.36	1	11.3331
EWSR1	1.355	1	11.2915
SLTM	1.343	1	11.1916
RABL4	1.322	1	11.0167
PAPD7	1.283	1	10.6919
FLG2	1.254	1	10.4504
SGK3	1.23	1	10.2506
BUB1	1.221	1	10.1757
LAGE3	1.221	1	10.1757
TSPO	1.203	1	10.0258
ODR4	1.199	1	9.99246
TAZ	1.175	1	9.79261
KRT16	1.159	1	9.65937
ZNF71	1.133	1	9.44287
ZNF430	1.119	1	9.32629
OTUD4	1.117	1	9.30964
KRT14	1.106	1	9.21804
MAT2B	1.101	1	9.17641
SIK3	1.093	1	9.10979
ZNF76	1.081	1	9.00986
CDKN2A	1.079	1	8.99321
SUN2	1.077	1	8.97656
LUZP1	1.06	1	8.835
ZXDC	1.051	1	8.76005
DCD	1.051	1	8.76005
CAMLG	1.024	1	8.53522
SNRNP70	1.022	1	8.51857
CLPTM1	1.022	1	8.51857
EFTUD2	1.004	1	8.36868
KRT2	0.996	1	8.30207
KRT77	0.994	1	8.28541
KRT19	0.985	1	8.21047
MRPS14	0.984	1	8.20214
ZNF3	0.98	1	8.16883
DUT	0.977	1	8.14385
SLC22A18	0.971	1	8.09389
TP53I11	0.97	1	8.08556
ETV3	0.966	1	8.05225
SON	0.965	1	8.04393
KRT6C	0.96	1	8.00229
KRT10	0.955	1	7.96066
RPL29	0.942	1	7.8524
STYX	0.94	1	7.83575
KRT5	0.93	1	7.75248
POP1	0.913	1	7.61092
THRAP3	0.91	1	7.58594
LIMA1	0.906	1	7.55263
LUC7L	0.904	1	7.53598
KIAA0100	0.901	1	7.511
BRP44L	0.898	1	7.48601
KRT9	0.897	1	7.47769
ADO	0.892	1	7.43605
VAPA	0.883	1	7.36111
MBOAT7	0.878	1	7.31947
CCDC59	0.867	1	7.22788
TCOF1	0.858	1	7.15293
MUTYH	0.856	1	7.13628
RIOK1	0.846	1	7.05301
PCNT	0.846	1	7.05301
ZNF316	0.838	1	6.98639
USP5	0.837	1	6.97806
XRCC1	0.835	1	6.96141
TAB1	0.833	1	6.94476
KRT1	0.828	1	6.90312
ZNF724P	0.818	1	6.81985
TEAD4	0.808	1	6.73658
RPL37	0.803	1	6.69495
MAN1A2	0.801	1	6.67829
CTNNB1	0.792	1	6.60335
MAP4	0.784	1	6.53673
KIF3B	0.775	1	6.46179
FSD1	0.76	1	6.33688
PRKD1	0.756	1	6.30357
ARPC4	0.753	1	6.27859
TBC1D10B	0.743	1	6.19532
ZNF250	0.733	1	6.11205
VPS18	0.725	1	6.04544
IRF2BP1	0.718	1	5.98715
GRAMD1A	0.707	1	5.89555
KBTBD11	0.696	1	5.80395
TSGA14	0.684	1	5.70403
MYH9	0.683	1	5.6957
POM121C	0.683	1	5.6957
VCPIP1	0.682	1	5.68737
DULLARD	0.681	1	5.67905
ISCU	0.675	1	5.62908
SMG7	0.66	1	5.50418
ZNF354A	0.659	1	5.49585
ABCB8	0.654	1	5.45422
LMNB2	0.652	1	5.43756
NDNL2	0.651	1	5.42923
RPL28	0.647	1	5.39593
RBM14	0.637	1	5.31266
SRRM1	0.632	1	5.27102
ZIC3	0.629	1	5.24604
RBM12B	0.627	1	5.22939
MAZ	0.622	1	5.18775
SEC61B	0.621	1	5.17942
AGPAT4	0.62	1	5.1711
NGDN	0.611	1	5.09615
ZNF22	0.608	1	5.07117
NCOA2	0.606	1	5.05452
CDC42	0.6	1	5.00455
MOXD1	0.582	1	4.85467
RPL32	0.58	1	4.83801
NME4	0.567	1	4.72976
CDKN2AIP	0.567	1	4.72976
MBNL3	0.562	1	4.68813
PNKD	0.562	1	4.68813
SLC25A42	0.562	1	4.68813
ZNF598	0.558	1	4.65482
LSM12	0.557	1	4.64649
CDC34	0.554	1	4.62151
KIF21B	0.552	1	4.60486
IMPACT	0.549	1	4.57988
FNDC3B	0.549	1	4.57988
SCAMP2	0.548	1	4.57155
SEC61A1	0.547	1	4.56322
MRPL18	0.536	1	4.47162
PGM1	0.532	1	4.43832
RNF138	0.528	1	4.40501
OLA1	0.527	1	4.39668
RPL10	0.523	1	4.36337
ARHGEF11	0.52	1	4.33839
LETMD1	0.516	1	4.30508
PEX10	0.513	1	4.2801
MLF2	0.501	1	4.18018
YTHDC1	0.501	1	4.18018
UTRN	0.495	1	4.13022
CCDC109B	0.493	1	4.11356
MYH10	0.488	1	4.07193
MAP3K7	0.487	1	4.0636
CLIC4	0.486	1	4.05527
RPAP1	0.486	1	4.05527
PLEKHA7	0.477	1	3.98033
MBNL1	0.474	1	3.95535
SERBP1	0.465	1	3.8804
SAMD1	0.458	1	3.82211
CEP55	0.457	1	3.81379
ETHE1	0.457	1	3.81379
MRPS26	0.449	1	3.74717
RAB7A	0.448	1	3.73884
MAP7D1	0.441	1	3.68055
TP53	0.44	1	3.67223
CIT	0.44	1	3.67223
PHC1	0.436	1	3.63892
GALNT1	0.435	1	3.63059
FAM120B	0.432	1	3.60561
SCMH1	0.426	1	3.55565
SRRM2	0.425	1	3.54732
GATAD2A	0.422	1	3.52234
INTS2	0.422	1	3.52234
HDDC3	0.42	1	3.50569
PSMB5	0.417	1	3.48071
GLTSCR2	0.408	1	3.40576
MGST1	0.407	1	3.39743
PRR12	0.407	1	3.39743
SPTAN1	0.4	1	3.33915
POLR3E	0.392	1	3.27253
CEP192	0.392	1	3.27253
SUCLG1	0.39	1	3.25588
ARMC1	0.39	1	3.25588
RPL19	0.389	1	3.24755
TOP3A	0.388	1	3.23922
BAZ1A	0.386	1	3.22257
RPF1	0.383	1	3.19759
GRPEL2	0.379	1	3.16428
REEP4	0.378	1	3.15595
HNRPLL	0.378	1	3.15595
NCKIPSD	0.378	1	3.15595
KIF3A	0.376	1	3.1393
KIAA1012	0.375	1	3.13097
SPATA2	0.371	1	3.09766
KIF18A	0.368	1	3.07268
CLPB	0.368	1	3.07268
POLR3B	0.367	1	3.06435
ADNP	0.366	1	3.05603
TARSL2	0.365	1	3.0477
CSNK2B	0.364	1	3.03937
ADAP1	0.362	1	3.02272
KIF1B	0.362	1	3.02272
PDLIM5	0.361	1	3.01439
ABTB2	0.359	1	2.99774
TAP1	0.358	1	2.98941
CUL7	0.358	1	2.98941
HNRNPAB	0.356	1	2.97276
WDR7	0.355	1	2.96443
ZW10	0.354	1	2.9561
NOP16	0.346	1	2.88949
PARD3	0.344	1	2.87283
NEFM	0.343	1	2.8645
SATB2	0.34	1	2.83952
HIST1H4A	0.338	1	2.82287
KIFC1	0.336	1	2.80621
MTCH2	0.333	1	2.78123
FOXP4	0.331	1	2.76458
VIM	0.33	1	2.75625
MRPL4	0.329	1	2.74793
CWF19L1	0.329	1	2.74793
TSC2	0.328	1	2.7396
RPL18A	0.326	1	2.72294
WDTC1	0.326	1	2.72294
ATM	0.325	1	2.71462
RPS5	0.323	1	2.69796
DNAJC16	0.323	1	2.69796
LSG1	0.322	1	2.68964
MLTK	0.32	1	2.67298
EDEM3	0.316	1	2.63967
KIF4A	0.313	1	2.61469
ZKSCAN4	0.312	1	2.60637
RRP1B	0.312	1	2.60637
LUC7L2	0.31	1	2.58971
PPTC7	0.309	1	2.58138
GNPAT	0.309	1	2.58138
UTP11L	0.309	1	2.58138
CYP2S1	0.308	1	2.57306
CDC42BPA	0.302	1	2.5231
RBM28	0.301	1	2.51477
SMCR7L	0.301	1	2.51477
DDT	0.3	1	2.50644
REXO4	0.3	1	2.50644
TRAF3IP2	0.299	1	2.49811
TMED2	0.299	1	2.49811
RPL27	0.299	1	2.49811
MIB2	0.298	1	2.48979
HIBCH	0.297	1	2.48146
ATL2	0.296	1	2.47313
H2AFZ	0.296	1	2.47313
RFC3	0.295	1	2.46481
DSG2	0.294	1	2.45648
ACTA2	0.293	1	2.44815
NME7	0.293	1	2.44815
HLA-B	0.292	1	2.43982
BAT2	0.291	1	2.4315
RBMS2	0.29	1	2.42317
PHLDB2	0.29	1	2.42317
SEC61A2	0.289	1	2.41484
SURF6	0.285	1	2.38154
DHRS1	0.285	1	2.38154
LPCAT1	0.285	1	2.38154
GPN1	0.282	1	2.35655
PDHA1	0.28	1	2.3399
NUBPL	0.279	1	2.33157
CDS2	0.278	1	2.32325
HTATSF1	0.277	1	2.31492
NOLC1	0.277	1	2.31492
IMP3	0.277	1	2.31492
NEFL	0.277	1	2.31492
RSAD1	0.275	1	2.29826
DDX52	0.274	1	2.28994
KDM2A	0.273	1	2.28161
KRT8	0.272	1	2.27328
CORO7	0.272	1	2.27328
RPS12	0.272	1	2.27328
PEX11B	0.268	1	2.23998
ZNF326	0.268	1	2.23998
UTP3	0.267	1	2.23165
POLR1E	0.267	1	2.23165
BCKDHB	0.267	1	2.23165
ZC3H18	0.266	1	2.22332
RAB5C	0.264	1	2.20667
HERC2	0.263	1	2.19834
CLCN7	0.262	1	2.19001
FYTTD1	0.262	1	2.19001
ZKSCAN1	0.262	1	2.19001
RPL8	0.261	1	2.18169
ATP5C1	0.26	1	2.17336
GSG2	0.257	1	2.14838
DDX56	0.257	1	2.14838
POM121	0.256	1	2.14005
DYNLL1	0.255	1	2.13172
PYCR1	0.255	1	2.13172
POLR2C	0.254	1	2.1234
JUP	0.253	1	2.11507
RAB33B	0.252	1	2.10674
C20ORF24	0.251	1	2.09842
HIST1H3A	0.25	1	2.09009
IMP4	0.25	1	2.09009
ATP5A1	0.249	1	2.08176
PCCB	0.247	1	2.06511
PYCR2	0.246	1	2.05678
GPT2	0.246	1	2.05678
SUN1	0.245	1	2.04845
KATNA1	0.244	1	2.04013
AUP1	0.243	1	2.0318
CTBP1	0.241	1	2.01515
PCCA	0.241	1	2.01515
ZFR	0.24	1	2.00682
FAM57A	0.239	1	1.99849
CDC20	0.239	1	1.99849
RAB10	0.239	1	1.99849
CYP20A1	0.238	1	1.99016
MYO1D	0.237	1	1.98184
DDX21	0.237	1	1.98184
ERCC4	0.236	1	1.97351
RACGAP1	0.233	1	1.94853
C21ORF57	0.231	1	1.93187
NKAP	0.229	1	1.91522
ANKRD27	0.227	1	1.89857
ATAD5	0.226	1	1.89024
PFN2	0.225	1	1.88191
MT-ND4	0.224	1	1.87359
MBLAC2	0.223	1	1.86526
NHP2L1	0.223	1	1.86526
RPS26	0.222	1	1.85693
DDX27	0.222	1	1.85693
ACTC1	0.221	1	1.8486
ZNF362	0.221	1	1.8486
HUS1	0.221	1	1.8486
NDUFS7	0.22	1	1.84028
KIAA1543	0.22	1	1.84028
ZNF214	0.219	1	1.83195
RPL31	0.219	1	1.83195
KIAA0406	0.219	1	1.83195
ZNF146	0.219	1	1.83195
ISG20L2	0.218	1	1.82362
INA	0.217	1	1.8153
RAB11FIP2	0.217	1	1.8153
CRAT	0.214	1	1.79031
ECT2	0.214	1	1.79031
EMD	0.213	1	1.78199
CTSC	0.212	1	1.77366
ZNF195	0.211	1	1.76533
MEX3A	0.209	1	1.74868
WDR33	0.209	1	1.74868
ADRM1	0.209	1	1.74868
SFPQ	0.208	1	1.74035
DCXR	0.208	1	1.74035
ARMC10	0.207	1	1.73203
RRP12	0.207	1	1.73203
HNRNPA3	0.206	1	1.7237
NOP58	0.206	1	1.7237
HNRNPH3	0.205	1	1.71537
HARS2	0.205	1	1.71537
NOP56	0.205	1	1.71537
HSD17B10	0.204	1	1.70704
GPS1	0.203	1	1.69872
DEF	0.203	1	1.69872
ZC3H14	0.203	1	1.69872
EIF2AK4	0.202	1	1.69039
PRPF4B	0.202	1	1.69039
PRKD2	0.202	1	1.69039
SMG1	0.2	1	1.67374
RMI2	0.198	1	1.65708
NOL10	0.198	1	1.65708
EIF2B3	0.198	1	1.65708
AVL9	0.196	1	1.64043
AGAP3	0.195	1	1.6321
NRAS	0.195	1	1.6321
GTF2H2	0.195	1	1.6321
DNAJA2	0.194	1	1.62377
YY1	0.194	1	1.62377
FMNL2	0.194	1	1.62377
RAP1A	0.194	1	1.62377
BYSL	0.193	1	1.61545
NUMB	0.191	1	1.59879
RAB3B	0.191	1	1.59879
STK39	0.191	1	1.59879
FBXO9	0.191	1	1.59879
C8ORF38	0.191	1	1.59879
HP1BP3	0.19	1	1.59047
BCLAF1	0.189	1	1.58214
LBR	0.189	1	1.58214
CWC22	0.189	1	1.58214
TNRC18	0.188	1	1.57381
THUMPD2	0.188	1	1.57381
POLR2J	0.188	1	1.57381
SNRPB	0.186	1	1.55716
TAP2	0.184	1	1.5405
RAP2B	0.184	1	1.5405
RPL26	0.182	1	1.52385
GNS	0.181	1	1.51552
RTN4	0.181	1	1.51552
MBD3	0.181	1	1.51552
PGAM5	0.18	1	1.5072
RHOA	0.18	1	1.5072
CSTF3	0.179	1	1.49887
RAB35	0.178	1	1.49054
DHX9	0.177	1	1.48221
NOC2L	0.176	1	1.47389
RAB12	0.175	1	1.46556
NSUN4	0.174	1	1.45723
WLS	0.173	1	1.44891
MRPL47	0.171	1	1.43225
RPL26L1	0.17	1	1.42392
EDC3	0.17	1	1.42392
RAB8A	0.17	1	1.42392
CBX8	0.17	1	1.42392
ZNF629	0.169	1	1.4156
SEC11C	0.169	1	1.4156
ZNF512	0.168	1	1.40727
UTP6	0.168	1	1.40727
WDR75	0.168	1	1.40727
PTPN14	0.167	1	1.39894
FLOT2	0.167	1	1.39894
FN1	0.167	1	1.39894
USP36	0.166	1	1.39062
CUL2	0.166	1	1.39062
PKM2	0.166	1	1.39062
ZC3H11A	0.165	1	1.38229
SLC25A46	0.165	1	1.38229
ARID1A	0.165	1	1.38229
KIF23	0.163	1	1.36564
RFK	0.163	1	1.36564
DDX10	0.163	1	1.36564
NOC3L	0.162	1	1.35731
TAF6L	0.162	1	1.35731
ETFA	0.162	1	1.35731
ACAT1	0.162	1	1.35731
SPNS1	0.16	1	1.34065
CTBP2	0.16	1	1.34065
SLC7A5	0.159	1	1.33233
SFRS17A	0.159	1	1.33233
SUMO1	0.158	1	1.324
EDC4	0.158	1	1.324
RPL7A	0.158	1	1.324
HSPA1A	0.158	1	1.324
ACOT8	0.158	1	1.324
KIF5B	0.157	1	1.31567
KPNA3	0.157	1	1.31567
LCLAT1	0.156	1	1.30735
YIPF5	0.156	1	1.30735
C1ORF103	0.156	1	1.30735
PPP1CA	0.155	1	1.29902
PRPF6	0.155	1	1.29902
TAF9	0.155	1	1.29902
TOR1AIP2	0.154	1	1.29069
KIF16B	0.154	1	1.29069
FERMT2	0.153	1	1.28237
FTSJ3	0.153	1	1.28237
GSTCD	0.152	1	1.27404
RPS20	0.151	1	1.26571
RAB2B	0.151	1	1.26571
MAP2K7	0.15	1	1.25738
MAGT1	0.15	1	1.25738
MKI67	0.15	1	1.25738
ZNF295	0.149	1	1.24906
LARP1B	0.149	1	1.24906
C1ORF124	0.149	1	1.24906
KIF5C	0.149	1	1.24906
VRK3	0.149	1	1.24906
NAT10	0.149	1	1.24906
SENP8	0.149	1	1.24906
PSMA1	0.148	1	1.24073
WDR19	0.148	1	1.24073
GTPBP4	0.148	1	1.24073
RDH11	0.148	1	1.24073
IQCB1	0.148	1	1.24073
RAB5B	0.148	1	1.24073
HBS1L	0.147	1	1.2324
TAF9B	0.147	1	1.2324
KIF13B	0.147	1	1.2324
SF3B1	0.146	1	1.22408
DDX18	0.146	1	1.22408
RRP8	0.146	1	1.22408
RAB18	0.146	1	1.22408
PTPLB	0.145	1	1.21575
HDDC2	0.145	1	1.21575
NARS2	0.145	1	1.21575
SLC25A10	0.144	1	1.20742
AP2S1	0.144	1	1.20742
AURKB	0.144	1	1.20742
ERBB2IP	0.143	1	1.19909
HNRNPA1	0.142	1	1.19077
GPATCH8	0.142	1	1.19077
LYN	0.142	1	1.19077
AHCTF1	0.142	1	1.19077
SMEK2	0.141	1	1.18244
RPL35A	0.141	1	1.18244
TOMM40L	0.14	1	1.17411
EI24	0.14	1	1.17411
RP9	0.139	1	1.16579
KRT18	0.139	1	1.16579
DHTKD1	0.139	1	1.16579
POLR1A	0.138	1	1.15746
MAD2L1BP	0.138	1	1.15746
ATP5B	0.138	1	1.15746
SLC3A2	0.138	1	1.15746
YTHDF2	0.137	1	1.14913
PRPF40A	0.137	1	1.14913
CBX4	0.137	1	1.14913
TMEM85	0.137	1	1.14913
WRN	0.136	1	1.14081
RCL1	0.136	1	1.14081
CTR9	0.136	1	1.14081
SLC25A30	0.136	1	1.14081
RAE1	0.135	1	1.13248
ORMDL1	0.134	1	1.12415
RBMS1	0.134	1	1.12415
ORMDL3	0.134	1	1.12415
KIAA0391	0.134	1	1.12415
MRPS25	0.133	1	1.11582
SMG8	0.133	1	1.11582
NOMO1	0.133	1	1.11582
RBM15	0.133	1	1.11582
DVL1	0.133	1	1.11582
RBM39	0.133	1	1.11582
PIGA	0.133	1	1.11582
NCDN	0.132	1	1.1075
DNAH5	0.132	1	1.1075
SAP18	0.132	1	1.1075
SYNE2	0.132	1	1.1075
DDX3X	0.132	1	1.1075
CDC42BPB	0.132	1	1.1075
SMCHD1	0.132	1	1.1075
NUMA1	0.131	1	1.09917
ELAVL1	0.131	1	1.09917
MORC2	0.131	1	1.09917
TRAM1	0.131	1	1.09917
HIST1H2BK	0.131	1	1.09917
MED1	0.131	1	1.09917
RAB8B	0.13	1	1.09084
ATAD1	0.13	1	1.09084
CEBPZ	0.13	1	1.09084
RPL22L1	0.129	1	1.08252
AUTS2	0.129	1	1.08252
NUSAP1	0.128	1	1.07419
DPCD	0.128	1	1.07419
ZBTB10	0.127	1	1.06586
CARS	0.127	1	1.06586
MUT	0.127	1	1.06586
MYBBP1A	0.127	1	1.06586
RB1	0.127	1	1.06586
PTPN2	0.127	1	1.06586
ZNF512B	0.127	1	1.06586
PHF6	0.126	1	1.05753
GRWD1	0.126	1	1.05753
SSR1	0.125	1	1.04921
TYK2	0.125	1	1.04921
PRMT5	0.124	1	1.04088
NKRF	0.124	1	1.04088
ATL3	0.124	1	1.04088
RPP14	0.124	1	1.04088
ALDH4A1	0.124	1	1.04088
DDX20	0.123	1	1.03255
STARD9	0.123	1	1.03255
PC	0.123	1	1.03255
GPR50	0.122	1	1.02423
MSI2	0.122	1	1.02423
LYPLA1	0.122	1	1.02423
ATP2A2	0.122	1	1.02423
TRIM25	0.122	1	1.02423
SPCS3	0.122	1	1.02423
SCPEP1	0.121	1	1.0159
MATR3	0.121	1	1.0159
GPX8	0.121	1	1.0159
ZNF574	0.121	1	1.0159
SEC16A	0.12	1	1.00757
DRG1	0.12	1	1.00757
RAB11B	0.12	1	1.00757
SEC11A	0.12	1	1.00757
PGRMC1	0.119	1	0.999246
PHF3	0.119	1	0.999246
SLC16A1	0.119	1	0.999246
PSMD4	0.119	1	0.999246
ACOT9	0.119	1	0.999246
DDX50	0.119	1	0.999246
ABCE1	0.119	1	0.999246
ARHGAP8	0.118	1	0.990919
LARP1	0.118	1	0.990919
EXO1	0.118	1	0.990919
ZNF414	0.118	1	0.990919
PSMA2	0.118	1	0.990919
OAT	0.117	1	0.982591
FARP2	0.117	1	0.982591
ARL1	0.117	1	0.982591
OXA1L	0.116	1	0.974264
PGM3	0.116	1	0.974264
CRKL	0.116	1	0.974264
RPL37A	0.116	1	0.974264
UHRF1	0.116	1	0.974264
SCO2	0.116	1	0.974264
LMAN1	0.115	1	0.965937
ATP5F1	0.115	1	0.965937
RPL14	0.115	1	0.965937
ESYT2	0.115	1	0.965937
RPL27A	0.115	1	0.965937
NUPL1	0.114	1	0.95761
ATIC	0.114	1	0.95761
GPX1	0.114	1	0.95761
SLC25A1	0.114	1	0.95761
DHCR7	0.114	1	0.95761
AK3	0.114	1	0.95761
NUP98	0.114	1	0.95761
SRPRB	0.114	1	0.95761
RAB2A	0.114	1	0.95761
ESPL1	0.114	1	0.95761
RPL36A	0.113	1	0.949283
U2AF1	0.113	1	0.949283
HNRNPM	0.113	1	0.949283
SPEN	0.113	1	0.949283
OSGEP	0.113	1	0.949283
TMEM14C	0.113	1	0.949283
UBE2M	0.112	1	0.940956
SRRT	0.112	1	0.940956
ABCC1	0.112	1	0.940956
CPSF7	0.112	1	0.940956
RBBP6	0.112	1	0.940956
THOC3	0.112	1	0.940956
RAC1	0.112	1	0.940956
PRKAR2B	0.112	1	0.940956
GTF2H3	0.111	1	0.932629
ACTB	0.111	1	0.932629
FTSJ2	0.111	1	0.932629
GRB2	0.111	1	0.932629
EIF4E	0.111	1	0.932629
RANBP2	0.111	1	0.932629
RAB1B	0.111	1	0.932629
SLC7A1	0.111	1	0.932629
TMEM11	0.111	1	0.932629
ATG9A	0.11	1	0.924302
FMNL3	0.11	1	0.924302
PRDX3	0.11	1	0.924302
ZNF480	0.109	1	0.915975
TMPO	0.109	1	0.915975
GGH	0.108	1	0.907648
TRRAP	0.108	1	0.907648
KIAA0892	0.108	1	0.907648
ATR	0.108	1	0.907648
RPLP2	0.108	1	0.907648
COX4NB	0.108	1	0.907648
RING1	0.108	1	0.907648
PCK2	0.108	1	0.907648
DPY19L1	0.107	1	0.899321
TAF5	0.107	1	0.899321
TTN	0.106	1	0.890994
DDX51	0.106	1	0.890994
EXOC4	0.106	1	0.890994
EIF3C	0.106	1	0.890994
DYNLT1	0.106	1	0.890994
UTP15	0.105	1	0.882667
EIF3I	0.105	1	0.882667
DALRD3	0.105	1	0.882667
MTA1	0.104	1	0.87434
DHRS7B	0.104	1	0.87434
DNAJC10	0.104	1	0.87434
MTA2	0.103	1	0.866013
RAB22A	0.103	1	0.866013
CDC25C	0.103	1	0.866013
SDHB	0.103	1	0.866013
SCP2	0.103	1	0.866013
COASY	0.103	1	0.866013
MFN2	0.102	1	0.857686
ANKLE2	0.102	1	0.857686
DECR2	0.102	1	0.857686
RBM7	0.102	1	0.857686
POLRMT	0.102	1	0.857686
ATP6V1C1	0.102	1	0.857686
HEATR1	0.102	1	0.857686
HNRNPC	0.101	1	0.849359
PAPSS2	0.101	1	0.849359
ANXA6	0.101	1	0.849359
MEMO1	0.101	1	0.849359
MED23	0.101	1	0.849359
ZNF8	0.101	1	0.849359
GNL3	0.101	1	0.849359
RBM12	0.101	1	0.849359
AIMP2	0.101	1	0.849359
DHCR24	0.1	1	0.841032
NIPBL	0.099	1	0.832705
LEMD3	0.099	1	0.832705
METT11D1	0.099	1	0.832705
ANKRD17	0.099	1	0.832705
HMGCL	0.099	1	0.832705
MCCC1	0.098	1	0.824378
DHX37	0.097	1	0.816051
PAXIP1	0.097	1	0.816051
TECR	0.096	1	0.807724
KIF2A	0.096	1	0.807724
VDAC2	0.096	1	0.807724
GTPBP10	0.096	1	0.807724
PIGU	0.096	1	0.807724
SAR1B	0.096	1	0.807724
CLCN3	0.095	1	0.799396
GLDC	0.095	1	0.799396
STAG2	0.095	1	0.799396
HIST1H2BJ	0.095	1	0.799396
NOL11	0.095	1	0.799396
PRUNE	0.095	1	0.799396
TRUB2	0.094	1	0.791069
DYNLRB1	0.094	1	0.791069
ZNF121	0.094	1	0.791069
TBL2	0.094	1	0.791069
PTCD3	0.094	1	0.791069
WHSC2	0.094	1	0.791069
CCNT1	0.094	1	0.791069
MEPCE	0.094	1	0.791069
COMT	0.094	1	0.791069
WDR6	0.093	1	0.782742
RPS11	0.093	1	0.782742
TIMM23	0.093	1	0.782742
RAB5A	0.093	1	0.782742
RCC2	0.092	1	0.774415
ABCC4	0.092	1	0.774415
SFXN1	0.092	1	0.774415
SLC25A35	0.092	1	0.774415
HAX1	0.091	1	0.766088
RPL23A	0.091	1	0.766088
GNAI3	0.091	1	0.766088
RAB6A	0.091	1	0.766088
UTP14A	0.091	1	0.766088
SCML2	0.09	1	0.757761
C2ORF47	0.09	1	0.757761
EIF2S2	0.09	1	0.757761
PARS2	0.09	1	0.757761
SFRS9	0.09	1	0.757761
ITPR3	0.09	1	0.757761
NDUFA7	0.09	1	0.757761
DSP	0.089	1	0.749434
PSMD2	0.089	1	0.749434
CTSB	0.089	1	0.749434
SETD1A	0.089	1	0.749434
BCR	0.089	1	0.749434
SLC25A25	0.089	1	0.749434
RAB1A	0.089	1	0.749434
STOM	0.089	1	0.749434
RARS2	0.089	1	0.749434
CBX2	0.089	1	0.749434
SPTBN1	0.088	1	0.741107
RPL36AL	0.088	1	0.741107
PAICS	0.088	1	0.741107
SLC25A40	0.088	1	0.741107
DKC1	0.088	1	0.741107
WIZ	0.088	1	0.741107
SDHA	0.087	1	0.73278
SMARCAD1	0.087	1	0.73278
TMED5	0.087	1	0.73278
SFRS14	0.087	1	0.73278
MAN1B1	0.087	1	0.73278
POLR3A	0.087	1	0.73278
ZNF192	0.086	1	0.724453
PPFIA1	0.086	1	0.724453
MAPK9	0.086	1	0.724453
ARAF	0.086	1	0.724453
ERCC1	0.086	1	0.724453
RPS8	0.086	1	0.724453
MAPK14	0.086	1	0.724453
STRBP	0.086	1	0.724453
ZNF143	0.085	1	0.716126
HIST1H1C	0.085	1	0.716126
MRPL11	0.085	1	0.716126
AK3L1	0.085	1	0.716126
GNAI2	0.085	1	0.716126
ACTR5	0.085	1	0.716126
ABCF1	0.084	1	0.707799
HIST1H2AB	0.084	1	0.707799
HIST2H2AC	0.084	1	0.707799
AKAP8L	0.084	1	0.707799
PBRM1	0.084	1	0.707799
MASTL	0.084	1	0.707799
SNRPD1	0.084	1	0.707799
G6PD	0.084	1	0.707799
IDE	0.084	1	0.707799
GOSR2	0.083	1	0.699472
PDF	0.083	1	0.699472
SBDS	0.083	1	0.699472
MRTO4	0.083	1	0.699472
SSRP1	0.083	1	0.699472
NUP205	0.083	1	0.699472
ARL5B	0.083	1	0.699472
HM13	0.082	1	0.691145
PRKAR2A	0.082	1	0.691145
ZYG11B	0.082	1	0.691145
FAM126A	0.082	1	0.691145
DDX54	0.082	1	0.691145
TOMM40	0.081	1	0.682818
CIZ1	0.081	1	0.682818
NUP155	0.081	1	0.682818
COMMD2	0.081	1	0.682818
EFHD1	0.081	1	0.682818
MRPS5	0.081	1	0.682818
PRDX1	0.081	1	0.682818
NCLN	0.081	1	0.682818
FIGNL1	0.081	1	0.682818
RAD9A	0.081	1	0.682818
URB1	0.08	1	0.674491
EEF1G	0.08	1	0.674491
C19ORF25	0.08	1	0.674491
VPS13C	0.08	1	0.674491
DOCK9	0.079	1	0.666164
DDX5	0.079	1	0.666164
B3GALTL	0.079	1	0.666164
MCCC2	0.079	1	0.666164
BMS1	0.079	1	0.666164
ARL6IP6	0.078	1	0.657837
RPS27A	0.078	1	0.657837
SMC5	0.078	1	0.657837
LMNB1	0.078	1	0.657837
GNL2	0.078	1	0.657837
ABCB7	0.078	1	0.657837
WARS	0.078	1	0.657837
IKBKB	0.077	1	0.64951
RGPD3	0.077	1	0.64951
C16ORF62	0.077	1	0.64951
OXCT1	0.077	1	0.64951
DDX17	0.076	1	0.641183
NCBP1	0.076	1	0.641183
SLC25A3	0.076	1	0.641183
ADD1	0.076	1	0.641183
TCERG1	0.076	1	0.641183
RBM45	0.075	1	0.632856
IFRD1	0.075	1	0.632856
ANKHD1	0.075	1	0.632856
NUP160	0.075	1	0.632856
RNF2	0.075	1	0.632856
FBXL12	0.075	1	0.632856
RTN3	0.074	1	0.624528
TNPO3	0.074	1	0.624528
IGF2BP1	0.074	1	0.624528
GNA13	0.074	1	0.624528
YARS2	0.074	1	0.624528
PELO	0.073	1	0.616201
ICMT	0.073	1	0.616201
MDH2	0.073	1	0.616201
RRM2	0.073	1	0.616201
SFXN2	0.073	1	0.616201
CIRH1A	0.073	1	0.616201
C18ORF55	0.072	1	0.607874
RPL10A	0.072	1	0.607874
RFC1	0.072	1	0.607874
GLT25D1	0.072	1	0.607874
RBM6	0.072	1	0.607874
GNB1L	0.072	1	0.607874
DDX39	0.071	1	0.599547
ZNF24	0.071	1	0.599547
RPL7L1	0.071	1	0.599547
DECR1	0.071	1	0.599547
EIF2S3	0.071	1	0.599547
NUP88	0.071	1	0.599547
INF2	0.071	1	0.599547
UBR1	0.071	1	0.599547
BIRC6	0.07	1	0.59122
ATP2B4	0.07	1	0.59122
SKIV2L2	0.07	1	0.59122
GLUD1	0.07	1	0.59122
EARS2	0.07	1	0.59122
DNAJB1	0.069	1	0.582893
PFN1	0.069	1	0.582893
RPL4	0.069	1	0.582893
ELOVL4	0.069	1	0.582893
PTPRF	0.069	1	0.582893
HTT	0.069	1	0.582893
SLC1A5	0.069	1	0.582893
PTRH2	0.069	1	0.582893
PTPN23	0.069	1	0.582893
WDR36	0.069	1	0.582893
SLC35E1	0.068	1	0.574566
GSK3A	0.068	1	0.574566
ASMTL	0.068	1	0.574566
LMF2	0.067	1	0.566239
PSMC4	0.067	1	0.566239
PUM2	0.067	1	0.566239
AGPAT3	0.067	1	0.566239
JAK1	0.067	1	0.566239
TTC28	0.067	1	0.566239
PNKP	0.067	1	0.566239
ALDH18A1	0.067	1	0.566239
ETFB	0.067	1	0.566239
MYO6	0.066	1	0.557912
MYL12B	0.066	1	0.557912
SURF4	0.066	1	0.557912
SLC30A9	0.066	1	0.557912
GLYR1	0.066	1	0.557912
RHBDD2	0.066	1	0.557912
MARS2	0.066	1	0.557912
DDX28	0.066	1	0.557912
YWHAB	0.065	1	0.549585
SERAC1	0.065	1	0.549585
CELF1	0.065	1	0.549585
GNB1	0.065	1	0.549585
NUP188	0.065	1	0.549585
HSDL1	0.065	1	0.549585
SLC33A1	0.065	1	0.549585
DHX15	0.065	1	0.549585
PRPF3	0.065	1	0.549585
SFXN4	0.064	1	0.541258
NONO	0.064	1	0.541258
RPS14	0.064	1	0.541258
SLC25A6	0.064	1	0.541258
LRRC1	0.064	1	0.541258
GNL3L	0.064	1	0.541258
MTG1	0.064	1	0.541258
RER1	0.063	1	0.532931
ACSF3	0.063	1	0.532931
SHMT2	0.063	1	0.532931
CPSF6	0.063	1	0.532931
INTS8	0.063	1	0.532931
FOXK1	0.063	1	0.532931
DIRAS1	0.063	1	0.532931
ECSIT	0.063	1	0.532931
FRMD6	0.063	1	0.532931
SPATA5	0.062	1	0.524604
DDX41	0.062	1	0.524604
DNAJA3	0.062	1	0.524604
TMEM33	0.061	1	0.516277
RAB39	0.061	1	0.516277
TARDBP	0.061	1	0.516277
RPUSD3	0.061	1	0.516277
INTS9	0.061	1	0.516277
RBM33	0.061	1	0.516277
ACO2	0.061	1	0.516277
MTIF2	0.061	1	0.516277
MYO1B	0.06	1	0.50795
RHOG	0.06	1	0.50795
PCID2	0.06	1	0.50795
PAK4	0.06	1	0.50795
RPL23	0.06	1	0.50795
ATPAF2	0.06	1	0.50795
MAP1S	0.059	1	0.499623
MARK1	0.059	1	0.499623
MARK3	0.059	1	0.499623
ATP5H	0.059	1	0.499623
PDHX	0.059	1	0.499623
RBM26	0.059	1	0.499623
MRPS27	0.059	1	0.499623
SARS2	0.058	1	0.491296
CARS2	0.058	1	0.491296
SPC24	0.058	1	0.491296
PPP6C	0.058	1	0.491296
RPL15	0.058	1	0.491296
MRPL44	0.058	1	0.491296
RPL5	0.058	1	0.491296
NUP93	0.058	1	0.491296
STXBP1	0.058	1	0.491296
RAP2A	0.058	1	0.491296
TNPO2	0.058	1	0.491296
AGPS	0.058	1	0.491296
RAP2C	0.058	1	0.491296
UBE4B	0.058	1	0.491296
ELOVL1	0.057	1	0.482969
SRR	0.057	1	0.482969
PUS1	0.057	1	0.482969
GANAB	0.057	1	0.482969
SDR39U1	0.057	1	0.482969
DRG2	0.057	1	0.482969
IDH3G	0.056	1	0.474642
MPV17	0.056	1	0.474642
RPS10	0.056	1	0.474642
SLC25A5	0.056	1	0.474642
RPL11	0.056	1	0.474642
ALG12	0.056	1	0.474642
HSPA4L	0.056	1	0.474642
DNAJB6	0.056	1	0.474642
RPS29	0.055	1	0.466315
YTHDC2	0.055	1	0.466315
RAB9A	0.055	1	0.466315
POLR1C	0.055	1	0.466315
NOM1	0.055	1	0.466315
MRPS9	0.055	1	0.466315
MYCBP2	0.055	1	0.466315
DHX34	0.055	1	0.466315
ZWILCH	0.054	1	0.457988
ACADM	0.054	1	0.457988
KDM1A	0.054	1	0.457988
NOSIP	0.054	1	0.457988
MRPL24	0.054	1	0.457988
FARS2	0.054	1	0.457988
SCRIB	0.054	1	0.457988
IGF2BP3	0.054	1	0.457988
RAB14	0.054	1	0.457988
FBXO22	0.053	1	0.449661
GPR180	0.053	1	0.449661
RPS4X	0.053	1	0.449661
BAT1	0.053	1	0.449661
RAB13	0.053	1	0.449661
INPP5K	0.053	1	0.449661
RRAS2	0.053	1	0.449661
ARL10	0.053	1	0.449661
ASNS	0.053	1	0.449661
ITPR2	0.052	1	0.441333
EIF2B5	0.052	1	0.441333
CMPK1	0.052	1	0.441333
RNASEN	0.052	1	0.441333
ARMC9	0.052	1	0.441333
RPS27	0.051	1	0.433006
PMM2	0.051	1	0.433006
SLC25A22	0.051	1	0.433006
USP14	0.051	1	0.433006
CLPP	0.051	1	0.433006
TXNDC9	0.051	1	0.433006
CEPT1	0.051	1	0.433006
DNAJC7	0.051	1	0.433006
ARMCX3	0.051	1	0.433006
SCFD1	0.051	1	0.433006
HYOU1	0.051	1	0.433006
LDHB	0.05	1	0.424679
PHKA1	0.05	1	0.424679
TAF1C	0.05	1	0.424679
ERLIN1	0.05	1	0.424679
PATZ1	0.05	1	0.424679
MOCS3	0.05	1	0.424679
TMEM126A	0.049	1	0.416352
RPL24	0.049	1	0.416352
WBSCR16	0.049	1	0.416352
EXD2	0.049	1	0.416352
PHB2	0.049	1	0.416352
FAIM	0.049	1	0.416352
SUMF2	0.049	1	0.416352
UTP18	0.049	1	0.416352
SMAD3	0.049	1	0.416352
PIP5K1A	0.048	1	0.408025
AKAP8	0.048	1	0.408025
SNX33	0.048	1	0.408025
PHC2	0.048	1	0.408025
URB2	0.048	1	0.408025
IDH2	0.048	1	0.408025
NXF1	0.048	1	0.408025
POLG	0.048	1	0.408025
TWF2	0.048	1	0.408025
PCGF1	0.048	1	0.408025
HNRNPU	0.047	1	0.399698
SMC6	0.047	1	0.399698
METTL13	0.047	1	0.399698
KIAA1524	0.047	1	0.399698
ATP1A1	0.047	1	0.399698
TMEM209	0.047	1	0.399698
PKMYT1	0.047	1	0.399698
VDAC3	0.047	1	0.399698
RAB6B	0.047	1	0.399698
TMTC3	0.047	1	0.399698
PRKRA	0.047	1	0.399698
BRE	0.047	1	0.399698
SRP9	0.046	1	0.391371
RIC8A	0.046	1	0.391371
YIF1A	0.046	1	0.391371
PIPSL	0.046	1	0.391371
SLC30A6	0.046	1	0.391371
GTF3C2	0.046	1	0.391371
TTC13	0.046	1	0.391371
HNRNPH2	0.046	1	0.391371
GNA12	0.046	1	0.391371
TPP1	0.045	1	0.383044
APTX	0.045	1	0.383044
NFS1	0.045	1	0.383044
C8ORF55	0.045	1	0.383044
PRPF4	0.045	1	0.383044
SLC37A4	0.044	1	0.374717
NOP14	0.044	1	0.374717
SPATA5L1	0.044	1	0.374717
NME2	0.044	1	0.374717
RAB43	0.044	1	0.374717
TRIM33	0.044	1	0.374717
KIF1C	0.044	1	0.374717
RUSC1	0.044	1	0.374717
TMEM56	0.044	1	0.374717
RAB3D	0.044	1	0.374717
SCCPDH	0.044	1	0.374717
DDX11	0.044	1	0.374717
C15ORF61	0.043	1	0.36639
RBM4	0.043	1	0.36639
RBM4B	0.043	1	0.36639
PSMF1	0.043	1	0.36639
FXR1	0.043	1	0.36639
SUCLA2	0.043	1	0.36639
SNRPD2	0.043	1	0.36639
WDR1	0.043	1	0.36639
SPAST	0.043	1	0.36639
QPCTL	0.043	1	0.36639
QIL1	0.043	1	0.36639
YWHAQ	0.042	1	0.358063
KHDRBS1	0.042	1	0.358063
SLC25A20	0.042	1	0.358063
PCNP	0.042	1	0.358063
MSH2	0.042	1	0.358063
PDS5B	0.042	1	0.358063
FYN	0.042	1	0.358063
AARS2	0.042	1	0.358063
DTNB	0.042	1	0.358063
KDELR1	0.041	1	0.349736
DERL1	0.041	1	0.349736
SLC25A21	0.041	1	0.349736
RFX1	0.041	1	0.349736
RPL35	0.041	1	0.349736
PLK1	0.041	1	0.349736
EYA3	0.041	1	0.349736
DHX33	0.04	1	0.341409
AHCYL1	0.04	1	0.341409
MRPL3	0.04	1	0.341409
DHX30	0.04	1	0.341409
MRPL33	0.04	1	0.341409
ACACB	0.04	1	0.341409
SF1	0.04	1	0.341409
MRPL19	0.039	1	0.333082
GEMIN4	0.039	1	0.333082
MTHFD1L	0.039	1	0.333082
SMC1A	0.039	1	0.333082
TMEM126B	0.039	1	0.333082
PUM1	0.039	1	0.333082
STUB1	0.039	1	0.333082
NDRG1	0.039	1	0.333082
CTU1	0.039	1	0.333082
ABCB10	0.039	1	0.333082
SRPR	0.039	1	0.333082
ACACA	0.039	1	0.333082
ZNF148	0.039	1	0.333082
GOLPH3	0.039	1	0.333082
MPP2	0.038	1	0.324755
SLC25A24	0.038	1	0.324755
RBM25	0.038	1	0.324755
EPB41L3	0.038	1	0.324755
MED24	0.038	1	0.324755
EXOC2	0.038	1	0.324755
RBM17	0.038	1	0.324755
CSNK1E	0.037	1	0.316428
L3MBTL3	0.037	1	0.316428
DAD1	0.037	1	0.316428
NDUFA13	0.037	1	0.316428
EEF2	0.037	1	0.316428
DDX46	0.037	1	0.316428
SESN2	0.037	1	0.316428
CDK9	0.037	1	0.316428
L2HGDH	0.037	1	0.316428
INTS4	0.037	1	0.316428
KPNA2	0.037	1	0.316428
GSK3B	0.036	1	0.308101
CAP1	0.036	1	0.308101
COQ6	0.035	1	0.299774
PYCRL	0.035	1	0.299774
ADCK1	0.035	1	0.299774
VRK1	0.035	1	0.299774
ATP6V1H	0.035	1	0.299774
PDXDC1	0.035	1	0.299774
AURKAIP1	0.035	1	0.299774
CDC7	0.034	1	0.291447
ECHDC1	0.034	1	0.291447
TAF4	0.034	1	0.291447
CRTAP	0.034	1	0.291447
GNL1	0.034	1	0.291447
CCDC47	0.034	1	0.291447
NLRX1	0.034	1	0.291447
ZNF828	0.033	1	0.28312
SMG6	0.033	1	0.28312
TUBE1	0.033	1	0.28312
TRIP12	0.033	1	0.28312
CHD2	0.033	1	0.28312
PSMC2	0.033	1	0.28312
HSPA2	0.033	1	0.28312
RTKN	0.033	1	0.28312
LRWD1	0.033	1	0.28312
HNRNPA0	0.033	1	0.28312
NUP214	0.033	1	0.28312
KIF1A	0.033	1	0.28312
FLNC	0.033	1	0.28312
MTHFD2	0.033	1	0.28312
SPTLC1	0.032	1	0.274793
CRTC2	0.032	1	0.274793
ATAD3B	0.032	1	0.274793
ZC3HC1	0.032	1	0.274793
ATP6V0A2	0.032	1	0.274793
SLC25A4	0.032	1	0.274793
SNTA1	0.032	1	0.274793
RPN1	0.032	1	0.274793
ZNF92	0.031	1	0.266465
ACLY	0.031	1	0.266465
GAPVD1	0.031	1	0.266465
RRAGC	0.031	1	0.266465
VCL	0.031	1	0.266465
FOXRED2	0.031	1	0.266465
PRDX5	0.031	1	0.266465
ADD2	0.031	1	0.266465
TPX2	0.031	1	0.266465
MTX3	0.031	1	0.266465
PLEC1	0.03	1	0.258138
ZCCHC17	0.03	1	0.258138
KIF11	0.03	1	0.258138
SFRS6	0.03	1	0.258138
CDK5RAP1	0.03	1	0.258138
MAPK1	0.03	1	0.258138
DDX6	0.03	1	0.258138
COG3	0.03	1	0.258138
EIF2B1	0.03	1	0.258138
TMUB1	0.029	1	0.249811
FARP1	0.029	1	0.249811
POGZ	0.029	1	0.249811
CAPN1	0.029	1	0.249811
SHPK	0.029	1	0.249811
LAS1L	0.029	1	0.249811
NDUFA6	0.029	1	0.249811
LPCAT3	0.029	1	0.249811
ACAA2	0.029	1	0.249811
C10ORF58	0.029	1	0.249811
BPHL	0.029	1	0.249811
NDUFC2	0.028	1	0.241484
YWHAH	0.028	1	0.241484
ALDH6A1	0.028	1	0.241484
BAZ1B	0.028	1	0.241484
EXOSC10	0.028	1	0.241484
RPN2	0.028	1	0.241484
SMPD4	0.028	1	0.241484
SLC25A19	0.028	1	0.241484
MCART1	0.028	1	0.241484
POLR2A	0.028	1	0.241484
CHMP2B	0.027	1	0.233157
ILKAP	0.027	1	0.233157
NPM1	0.027	1	0.233157
ORC2L	0.027	1	0.233157
ITPA	0.027	1	0.233157
FLOT1	0.027	1	0.233157
PRPF31	0.027	1	0.233157
RPS6KA1	0.027	1	0.233157
MRPL10	0.027	1	0.233157
C11ORF83	0.027	1	0.233157
GART	0.027	1	0.233157
SPTLC2	0.027	1	0.233157
SLC12A6	0.026	1	0.22483
POLDIP2	0.026	1	0.22483
FUBP3	0.026	1	0.22483
RAD50	0.026	1	0.22483
MRE11A	0.026	1	0.22483
HIP1	0.026	1	0.22483
GCLC	0.026	1	0.22483
PNPLA6	0.026	1	0.22483
THADA	0.025	1	0.216503
MRPL27	0.025	1	0.216503
PARK7	0.025	1	0.216503
GINS1	0.025	1	0.216503
RDH13	0.025	1	0.216503
HADHB	0.025	1	0.216503
PYGL	0.025	1	0.216503
ALG6	0.024	1	0.208176
ECHS1	0.024	1	0.208176
KIN	0.024	1	0.208176
SPCS2	0.024	1	0.208176
AFG3L2	0.024	1	0.208176
TEX10	0.024	1	0.208176
CUL5	0.024	1	0.208176
RFT1	0.023	1	0.199849
ARHGAP17	0.023	1	0.199849
GTF3C5	0.023	1	0.199849
MRPL45	0.023	1	0.199849
MFN1	0.023	1	0.199849
MRPL53	0.023	1	0.199849
SAR1A	0.023	1	0.199849
TSN	0.022	1	0.191522
SEC31A	0.022	1	0.191522
ATP2B1	0.022	1	0.191522
TUFM	0.022	1	0.191522
DUSP12	0.022	1	0.191522
NUP85	0.022	1	0.191522
TMEM177	0.022	1	0.191522
NAA40	0.022	1	0.191522
NCAPD3	0.021	1	0.183195
DAZAP1	0.021	1	0.183195
MEN1	0.021	1	0.183195
STK11IP	0.021	1	0.183195
DGKE	0.021	1	0.183195
POLR1B	0.021	1	0.183195
WRB	0.02	1	0.174868
AHCY	0.02	1	0.174868
LIN54	0.02	1	0.174868
IMPDH2	0.02	1	0.174868
CENPM	0.02	1	0.174868
CAPZB	0.02	1	0.174868
PRKDC	0.02	1	0.174868
DYNC1LI1	0.02	1	0.174868
DHX40	0.02	1	0.174868
C3ORF31	0.02	1	0.174868
DYNC1LI2	0.02	1	0.174868
PES1	0.019	1	0.166541
TAF1	0.019	1	0.166541
XAB2	0.019	1	0.166541
CHD8	0.019	1	0.166541
INTS5	0.019	1	0.166541
INADL	0.019	1	0.166541
NDUFA4	0.019	1	0.166541
CSNK2A2	0.019	1	0.166541
GNAS	0.019	1	0.166541
LARS2	0.019	1	0.166541
SLC25A32	0.019	1	0.166541
EED	0.019	1	0.166541
POLR3C	0.019	1	0.166541
SLC30A7	0.018	1	0.158214
ROD1	0.018	1	0.158214
PTDSS2	0.018	1	0.158214
CLPTM1L	0.018	1	0.158214
MRPS21	0.018	1	0.158214
YME1L1	0.018	1	0.158214
PPIA	0.018	1	0.158214
COG4	0.018	1	0.158214
LRCH3	0.018	1	0.158214
WRNIP1	0.018	1	0.158214
RAB38	0.018	1	0.158214
DHX35	0.018	1	0.158214
NSUN5	0.018	1	0.158214
LSM4	0.018	1	0.158214
CDIPT	0.018	1	0.158214
RPL13	0.017	1	0.149887
CDC16	0.017	1	0.149887
TM9SF3	0.017	1	0.149887
PRDX4	0.017	1	0.149887
INPPL1	0.017	1	0.149887
PKP2	0.017	1	0.149887
EIF3M	0.017	1	0.149887
NUP35	0.017	1	0.149887
TARS2	0.016	1	0.14156
TOR1AIP1	0.016	1	0.14156
WDR82	0.016	1	0.14156
LATS1	0.016	1	0.14156
SLC25A23	0.016	1	0.14156
CTPS2	0.016	1	0.14156
PAPOLA	0.016	1	0.14156
MED16	0.016	1	0.14156
YLPM1	0.016	1	0.14156
OPA1	0.016	1	0.14156
PISD	0.016	1	0.14156
MYO1E	0.016	1	0.14156
SEC24C	0.015	1	0.133233
RPL13A	0.015	1	0.133233
APOOL	0.015	1	0.133233
DTYMK	0.015	1	0.133233
VTA1	0.015	1	0.133233
PSMA4	0.015	1	0.133233
ATP5O	0.015	1	0.133233
HSD17B4	0.015	1	0.133233
RAB24	0.015	1	0.133233
MORC3	0.015	1	0.133233
UPF1	0.015	1	0.133233
BRIX1	0.015	1	0.133233
SMAP2	0.015	1	0.133233
C9ORF64	0.015	1	0.133233
CAPZA1	0.014	1	0.124906
PPM1G	0.014	1	0.124906
RBM15B	0.014	1	0.124906
C17ORF61	0.014	1	0.124906
TP53RK	0.014	1	0.124906
SRP72	0.014	1	0.124906
RPS28	0.014	1	0.124906
VTN	0.014	1	0.124906
SNRPA1	0.014	1	0.124906
FSCN1	0.014	1	0.124906
LDLRAP1	0.014	1	0.124906
PRKCD	0.013	1	0.116579
ELMO2	0.013	1	0.116579
ALG5	0.013	1	0.116579
SEC23A	0.013	1	0.116579
GLUD2	0.013	1	0.116579
WAPAL	0.013	1	0.116579
HADHA	0.013	1	0.116579
DCLRE1A	0.013	1	0.116579
BUB1B	0.013	1	0.116579
MRPL15	0.013	1	0.116579
RANBP1	0.012	1	0.108252
NCAPH	0.012	1	0.108252
ABCF3	0.012	1	0.108252
NSA2	0.012	1	0.108252
METT5D1	0.012	1	0.108252
LYPLAL1	0.012	1	0.108252
WWP2	0.012	1	0.108252
ALDH1B1	0.012	1	0.108252
IFRD2	0.012	1	0.108252
ASS1	0.012	1	0.108252
RNASEH2A	0.011	1	0.0999246
HCFC1	0.011	1	0.0999246
AMOT	0.011	1	0.0999246
RPS6KA3	0.011	1	0.0999246
MYEF2	0.011	1	0.0999246
MAP4K3	0.011	1	0.0999246
ALG13	0.011	1	0.0999246
FIP1L1	0.011	1	0.0999246
HSPH1	0.011	1	0.0999246
DOCK11	0.011	1	0.0999246
HEATR6	0.011	1	0.0999246
FASTKD5	0.01	1	0.0915975
U2AF2	0.01	1	0.0915975
RPS3A	0.01	1	0.0915975
UQCC	0.01	1	0.0915975
MCAT	0.01	1	0.0915975
UTP20	0.01	1	0.0915975
MAP2K3	0.01	1	0.0915975
ILF2	0.009	1	0.0832705
PPIB	0.009	1	0.0832705
SNRNP200	0.009	1	0.0832705
RPS18	0.008	1	0.0749434
TTC27	0.008	1	0.0749434
PCBP1	0.008	1	0.0749434
NEK7	0.008	1	0.0749434
MT-CO1	0.008	1	0.0749434
EIF4A3	0.008	1	0.0749434
TEX264	0.008	1	0.0749434
RPL36	0.008	1	0.0749434
NOB1	0.008	1	0.0749434
SLC35B2	0.008	1	0.0749434
HSPA5	0.008	1	0.0749434
RPL18	0.008	1	0.0749434
EYA4	0.008	1	0.0749434
RPS27L	0.007	1	0.0666164
DTL	0.007	1	0.0666164
UBAC2	0.007	1	0.0666164
TMEM48	0.007	1	0.0666164
HSDL2	0.007	1	0.0666164
RAPGEF2	0.007	1	0.0666164
RPS7	0.007	1	0.0666164
SOAT1	0.007	1	0.0666164
MYST2	0.007	1	0.0666164
PFKM	0.007	1	0.0666164
SNRPF	0.007	1	0.0666164
C14ORF102	0.006	1	0.0582893
INTS1	0.006	1	0.0582893
CAMK2D	0.006	1	0.0582893
DCLK1	0.006	1	0.0582893
EIF2AK2	0.006	1	0.0582893
RPLP0	0.006	1	0.0582893
ERCC6L	0.006	1	0.0582893
RPS15	0.006	1	0.0582893
FBL	0.006	1	0.0582893
CHTF18	0.005	1	0.0499623
TRMT112	0.005	1	0.0499623
SPG20	0.005	1	0.0499623
SRP14	0.005	1	0.0499623
IMMT	0.005	1	0.0499623
RPL21	0.005	1	0.0499623
FKBP8	0.005	1	0.0499623
DPM1	0.005	1	0.0499623
PDCD11	0.005	1	0.0499623
POLE	0.005	1	0.0499623
GTPBP1	0.005	1	0.0499623
UQCRC2	0.005	1	0.0499623
PSMD3	0.005	1	0.0499623
NSDHL	0.005	1	0.0499623
CDK4	0.005	1	0.0499623
RAPGEF6	0.005	1	0.0499623
NUP54	0.005	1	0.0499623
SFXN3	0.005	1	0.0499623
SF3B14	0.005	1	0.0499623
FUS	0.004	1	0.0416352
CPNE3	0.004	1	0.0416352
CTNND1	0.004	1	0.0416352
CPEB4	0.004	1	0.0416352
MED20	0.004	1	0.0416352
VRK2	0.004	1	0.0416352
FLII	0.004	1	0.0416352
AQR	0.004	1	0.0416352
PPT1	0.004	1	0.0416352
STOML2	0.004	1	0.0416352
ACTR1A	0.004	1	0.0416352
ALDH2	0.004	1	0.0416352
PSMD6	0.004	1	0.0416352
UQCRFS1	0.004	1	0.0416352
GNE	0.004	1	0.0416352
ATG4B	0.004	1	0.0416352
GRHPR	0.003	1	0.0333082
PSMC1	0.003	1	0.0333082
PRIM1	0.003	1	0.0333082
ERAL1	0.003	1	0.0333082
CS	0.003	1	0.0333082
DEGS1	0.003	1	0.0333082
CDC123	0.003	1	0.0333082
SF3A3	0.003	1	0.0333082
WDR3	0.003	1	0.0333082
ERCC3	0.003	1	0.0333082
DDX47	0.003	1	0.0333082
PSMD7	0.003	1	0.0333082
ALDH1L2	0.003	1	0.0333082
PYGB	0.003	1	0.0333082
MSI1	0.002	1	0.0249811
OGT	0.002	1	0.0249811
ATP1A2	0.002	1	0.0249811
TTF2	0.002	1	0.0249811
UBA6	0.002	1	0.0249811
SERPINB6	0.002	1	0.0249811
PARL	0.002	1	0.0249811
ZNF638	0.002	1	0.0249811
GTPBP6	0.002	1	0.0249811
AKAP1	0.002	1	0.0249811
SR140	0.002	1	0.0249811
CCT4	0.002	1	0.0249811
TBCD	0.001	1	0.0166541
EPB41	0.001	1	0.0166541
NSF	0.001	1	0.0166541
RUVBL1	0.001	1	0.0166541
NAA50	0.001	1	0.0166541
PRMT10	0.001	1	0.0166541
SLC25A13	0.001	1	0.0166541
PKN3	0.001	1	0.0166541
PIGS	0.001	1	0.0166541
XPOT	0.001	1	0.0166541
POLR2B	0.001	1	0.0166541
PPP5C	0	1	0.00832705
HNRNPA2B1	0	1	0.00832705
COQ5	0	1	0.00832705
PMPCB	0	1	0.00832705
MRPL22	0	1	0.00832705
AIFM1	0	1	0.00832705
SACM1L	0	1	0.00832705
PKP4	0	1	0.00832705
EPRS	0	1	0.00832705
C3ORF58	0	1	0.00832705
TBC1D22B	-0.001	1	0
SDAD1	-0.001	1	0
HIC2	-0.001	1	0
SMARCA4	-0.001	1	0
NR2F1	-0.001	1	0
HLA-A	-0.001	1	0
DDX19A	-0.001	1	0
CANX	-0.001	1	0
SSR4	-0.001	1	0
AGPAT5	-0.001	1	0
IDH3A	-0.001	1	0
MRPL39	-0.001	1	0
PMVK	-0.001	1	0
VAMP7	-0.001	1	0
USP11	-0.001	1	0
ERH	-0.002	1	-0.00832705
TOPBP1	-0.002	1	-0.00832705
PSMB2	-0.002	1	-0.00832705
CRNKL1	-0.002	1	-0.00832705
JAGN1	-0.002	1	-0.00832705
C15ORF24	-0.002	1	-0.00832705
EPB41L2	-0.002	1	-0.00832705
UBE2N	-0.002	1	-0.00832705
UCHL5	-0.002	1	-0.00832705
GTPBP8	-0.002	1	-0.00832705
SLC25A12	-0.002	1	-0.00832705
GPR89A	-0.002	1	-0.00832705
MTHFD1	-0.002	1	-0.00832705
ZBTB33	-0.002	1	-0.00832705
SMG5	-0.003	1	-0.0166541
RMND1	-0.003	1	-0.0166541
CDC37	-0.003	1	-0.0166541
GLO1	-0.003	1	-0.0166541
TTC19	-0.003	1	-0.0166541
MARS	-0.003	1	-0.0166541
FAM98B	-0.003	1	-0.0166541
MRPL37	-0.003	1	-0.0166541
OXNAD1	-0.003	1	-0.0166541
FOXP1	-0.003	1	-0.0166541
SSBP1	-0.003	1	-0.0166541
RUVBL2	-0.004	1	-0.0249811
ARL6IP5	-0.004	1	-0.0249811
ITCH	-0.004	1	-0.0249811
EPB41L5	-0.004	1	-0.0249811
DDX19B	-0.004	1	-0.0249811
HSD17B12	-0.004	1	-0.0249811
ANXA5	-0.004	1	-0.0249811
ERCC2	-0.004	1	-0.0249811
GSTK1	-0.004	1	-0.0249811
EHHADH	-0.004	1	-0.0249811
CPT1A	-0.004	1	-0.0249811
CPSF3	-0.004	1	-0.0249811
AKAP10	-0.004	1	-0.0249811
INTS7	-0.004	1	-0.0249811
PTBP1	-0.004	1	-0.0249811
POLD2	-0.004	1	-0.0249811
XRN2	-0.004	1	-0.0249811
KIF18B	-0.004	1	-0.0249811
CYB5R1	-0.004	1	-0.0249811
GTPBP2	-0.005	1	-0.0333082
RPS16	-0.005	1	-0.0333082
RPS2	-0.005	1	-0.0333082
AIMP1	-0.005	1	-0.0333082
PCBP2	-0.005	1	-0.0333082
ADAR	-0.005	1	-0.0333082
SMC3	-0.005	1	-0.0333082
CDK6	-0.005	1	-0.0333082
PHB	-0.005	1	-0.0333082
TOMM22	-0.005	1	-0.0333082
MPP1	-0.005	1	-0.0333082
PFKL	-0.005	1	-0.0333082
MAP4K4	-0.006	1	-0.0416352
MRPS6	-0.006	1	-0.0416352
STT3A	-0.006	1	-0.0416352
ATP13A1	-0.006	1	-0.0416352
ARL8B	-0.006	1	-0.0416352
HEATR5B	-0.006	1	-0.0416352
AGPAT1	-0.006	1	-0.0416352
MSH3	-0.006	1	-0.0416352
HEATR2	-0.006	1	-0.0416352
SRP68	-0.006	1	-0.0416352
TBL3	-0.006	1	-0.0416352
TCF25	-0.007	1	-0.0499623
COX15	-0.007	1	-0.0499623
C17ORF62	-0.007	1	-0.0499623
ERO1LB	-0.007	1	-0.0499623
NUP210	-0.007	1	-0.0499623
TYW3	-0.007	1	-0.0499623
SENP3	-0.007	1	-0.0499623
PRPSAP2	-0.007	1	-0.0499623
FITM2	-0.007	1	-0.0499623
MDN1	-0.007	1	-0.0499623
FAR1	-0.007	1	-0.0499623
NDUFA10	-0.007	1	-0.0499623
DAK	-0.007	1	-0.0499623
PAN2	-0.007	1	-0.0499623
C10ORF119	-0.008	1	-0.0582893
SNTB2	-0.008	1	-0.0582893
KHSRP	-0.008	1	-0.0582893
PAPOLG	-0.008	1	-0.0582893
HAGH	-0.008	1	-0.0582893
FDFT1	-0.008	1	-0.0582893
VCP	-0.009	1	-0.0666164
MPDU1	-0.009	1	-0.0666164
ZNF277	-0.009	1	-0.0666164
VPS4B	-0.009	1	-0.0666164
RPL7	-0.009	1	-0.0666164
C4ORF14	-0.009	1	-0.0666164
C12ORF10	-0.009	1	-0.0666164
KIAA0776	-0.009	1	-0.0666164
LAP3	-0.009	1	-0.0666164
C14ORF21	-0.009	1	-0.0666164
CPS1	-0.009	1	-0.0666164
RNF160	-0.009	1	-0.0666164
MBD4	-0.009	1	-0.0666164
MSH6	-0.01	1	-0.0749434
SCAMP1	-0.01	1	-0.0749434
VPS26A	-0.01	1	-0.0749434
CCDC109A	-0.01	1	-0.0749434
NDUFS3	-0.01	1	-0.0749434
ARHGEF2	-0.01	1	-0.0749434
PM20D2	-0.01	1	-0.0749434
ADPRHL2	-0.01	1	-0.0749434
TMEM165	-0.01	1	-0.0749434
BCOR	-0.01	1	-0.0749434
TP53BP2	-0.01	1	-0.0749434
RICTOR	-0.01	1	-0.0749434
IPO11	-0.01	1	-0.0749434
PAQR4	-0.01	1	-0.0749434
KDM3B	-0.011	1	-0.0832705
LRPPRC	-0.011	1	-0.0832705
NRM	-0.011	1	-0.0832705
CDC5L	-0.011	1	-0.0832705
CECR5	-0.011	1	-0.0832705
DDX24	-0.011	1	-0.0832705
ACOT13	-0.011	1	-0.0832705
TKT	-0.011	1	-0.0832705
ACSL3	-0.011	1	-0.0832705
NDUFV1	-0.011	1	-0.0832705
CPSF2	-0.011	1	-0.0832705
NDUFA9	-0.011	1	-0.0832705
C10ORF76	-0.012	1	-0.0915975
PPP3CA	-0.012	1	-0.0915975
ABT1	-0.012	1	-0.0915975
LONP1	-0.012	1	-0.0915975
TTC5	-0.012	1	-0.0915975
DIMT1L	-0.012	1	-0.0915975
USP24	-0.012	1	-0.0915975
TH1L	-0.013	1	-0.0999246
CPVL	-0.013	1	-0.0999246
MRPS28	-0.013	1	-0.0999246
RAD21	-0.013	1	-0.0999246
PSMD12	-0.013	1	-0.0999246
RAB3GAP1	-0.013	1	-0.0999246
42249	-0.013	1	-0.0999246
SYMPK	-0.013	1	-0.0999246
AURKA	-0.013	1	-0.0999246
DCAKD	-0.013	1	-0.0999246
RAB7L1	-0.013	1	-0.0999246
PARP1	-0.013	1	-0.0999246
ASNSD1	-0.014	1	-0.108252
PLS3	-0.014	1	-0.108252
SUCLG2	-0.014	1	-0.108252
TIAL1	-0.014	1	-0.108252
KPNA1	-0.014	1	-0.108252
MRPL16	-0.014	1	-0.108252
C3ORF17	-0.014	1	-0.108252
TNPO1	-0.014	1	-0.108252
TPP2	-0.014	1	-0.108252
GLB1	-0.014	1	-0.108252
RPL3	-0.014	1	-0.108252
PTDSS1	-0.014	1	-0.108252
HELLS	-0.015	1	-0.116579
RFC2	-0.015	1	-0.116579
KPNB1	-0.015	1	-0.116579
EIF3A	-0.015	1	-0.116579
ECM29	-0.015	1	-0.116579
MYO19	-0.015	1	-0.116579
HNRNPUL2	-0.015	1	-0.116579
CCAR1	-0.015	1	-0.116579
SMYD3	-0.016	1	-0.124906
UPF2	-0.016	1	-0.124906
SEC61G	-0.016	1	-0.124906
ALG1	-0.016	1	-0.124906
DDX1	-0.016	1	-0.124906
USP38	-0.016	1	-0.124906
NOL6	-0.016	1	-0.124906
SERPINH1	-0.016	1	-0.124906
HLTF	-0.016	1	-0.124906
TFDP1	-0.016	1	-0.124906
RPS6	-0.017	1	-0.133233
PSMC6	-0.017	1	-0.133233
ARCN1	-0.017	1	-0.133233
FANCI	-0.017	1	-0.133233
PSME4	-0.017	1	-0.133233
FH	-0.017	1	-0.133233
RPA2	-0.017	1	-0.133233
P4HA1	-0.017	1	-0.133233
ESYT1	-0.018	1	-0.14156
CNP	-0.018	1	-0.14156
RPL6	-0.018	1	-0.14156
IFT80	-0.018	1	-0.14156
CNDP2	-0.018	1	-0.14156
ZNF622	-0.018	1	-0.14156
SLC35F2	-0.019	1	-0.149887
QKI	-0.019	1	-0.149887
RBM16	-0.019	1	-0.149887
CCT5	-0.019	1	-0.149887
FDPS	-0.019	1	-0.149887
MT-ND2	-0.019	1	-0.149887
GCAT	-0.019	1	-0.149887
PTPN1	-0.02	1	-0.158214
VDAC1	-0.02	1	-0.158214
EIF5B	-0.02	1	-0.158214
RPLP1	-0.02	1	-0.158214
SNRPC	-0.02	1	-0.158214
KPNA5	-0.02	1	-0.158214
DDX55	-0.02	1	-0.158214
THNSL1	-0.02	1	-0.158214
GEN1	-0.02	1	-0.158214
CDC42EP1	-0.02	1	-0.158214
PAFAH1B3	-0.02	1	-0.158214
DSTN	-0.021	1	-0.166541
TMEM97	-0.021	1	-0.166541
TAF6	-0.021	1	-0.166541
UBR3	-0.021	1	-0.166541
CAMK2G	-0.021	1	-0.166541
KDM4A	-0.021	1	-0.166541
FOXRED1	-0.021	1	-0.166541
RCC1	-0.021	1	-0.166541
TIPRL	-0.021	1	-0.166541
ACAD11	-0.022	1	-0.174868
DHX36	-0.022	1	-0.174868
LRRC47	-0.022	1	-0.174868
CSNK1G2	-0.022	1	-0.174868
RG9MTD1	-0.022	1	-0.174868
RAC3	-0.022	1	-0.174868
NR2F2	-0.022	1	-0.174868
CLPX	-0.022	1	-0.174868
FNDC3A	-0.022	1	-0.174868
APEX1	-0.022	1	-0.174868
GK	-0.022	1	-0.174868
RTCD1	-0.022	1	-0.174868
TANC1	-0.023	1	-0.183195
MFSD10	-0.023	1	-0.183195
TAF2	-0.023	1	-0.183195
NUDT19	-0.023	1	-0.183195
HNRNPF	-0.023	1	-0.183195
KPNA6	-0.023	1	-0.183195
NEK6	-0.023	1	-0.183195
NSUN2	-0.023	1	-0.183195
GSPT1	-0.023	1	-0.183195
ACSL4	-0.023	1	-0.183195
CPNE1	-0.023	1	-0.183195
PARN	-0.023	1	-0.183195
RPTOR	-0.023	1	-0.183195
CDC45	-0.023	1	-0.183195
C14ORF166	-0.023	1	-0.183195
MRPL23	-0.023	1	-0.183195
MACROD1	-0.024	1	-0.191522
HSP90AA1	-0.024	1	-0.191522
ELAC2	-0.024	1	-0.191522
TRAP1	-0.024	1	-0.191522
STXBP3	-0.025	1	-0.199849
HUWE1	-0.025	1	-0.199849
LKAP	-0.025	1	-0.199849
KIF22	-0.025	1	-0.199849
SMARCD2	-0.025	1	-0.199849
FAF2	-0.025	1	-0.199849
GYS1	-0.025	1	-0.199849
PAN3	-0.026	1	-0.208176
FDXR	-0.026	1	-0.208176
AMZ2	-0.026	1	-0.208176
PHF8	-0.026	1	-0.208176
ACTR2	-0.026	1	-0.208176
KIAA1279	-0.026	1	-0.208176
PSMC5	-0.026	1	-0.208176
LIG3	-0.026	1	-0.208176
RIF1	-0.026	1	-0.208176
CDK5RAP3	-0.026	1	-0.208176
CHORDC1	-0.026	1	-0.208176
DMD	-0.027	1	-0.216503
STRAP	-0.027	1	-0.216503
SAPS3	-0.027	1	-0.216503
SEC63	-0.027	1	-0.216503
RBM19	-0.027	1	-0.216503
TARS	-0.027	1	-0.216503
CCT3	-0.027	1	-0.216503
PPP2R5C	-0.027	1	-0.216503
SMARCB1	-0.027	1	-0.216503
AASS	-0.027	1	-0.216503
SEC23B	-0.028	1	-0.22483
CHD4	-0.028	1	-0.22483
NBN	-0.028	1	-0.22483
TIMM50	-0.028	1	-0.22483
COPB1	-0.028	1	-0.22483
TSFM	-0.028	1	-0.22483
TIGAR	-0.029	1	-0.233157
TPT1	-0.029	1	-0.233157
WDR26	-0.029	1	-0.233157
USP39	-0.029	1	-0.233157
IARS	-0.029	1	-0.233157
DDOST	-0.029	1	-0.233157
C1QBP	-0.029	1	-0.233157
EEF1B2	-0.029	1	-0.233157
LSM14B	-0.029	1	-0.233157
IPO7	-0.029	1	-0.233157
TCP1	-0.029	1	-0.233157
CYFIP1	-0.029	1	-0.233157
ACSF2	-0.029	1	-0.233157
PGP	-0.03	1	-0.241484
OSTC	-0.03	1	-0.241484
PEX3	-0.03	1	-0.241484
BTAF1	-0.03	1	-0.241484
PRKAG1	-0.03	1	-0.241484
IQGAP2	-0.03	1	-0.241484
AK1	-0.03	1	-0.241484
CAND1	-0.03	1	-0.241484
MRPS30	-0.03	1	-0.241484
SCAMP3	-0.03	1	-0.241484
NAT14	-0.03	1	-0.241484
ALDH1L1	-0.03	1	-0.241484
TBK1	-0.031	1	-0.249811
FADS2	-0.031	1	-0.249811
ABCD3	-0.031	1	-0.249811
HECTD3	-0.031	1	-0.249811
RBM5	-0.031	1	-0.249811
LENG8	-0.032	1	-0.258138
CDK13	-0.032	1	-0.258138
INTS10	-0.032	1	-0.258138
PDS5A	-0.032	1	-0.258138
LASS2	-0.032	1	-0.258138
IDH3B	-0.032	1	-0.258138
TACO1	-0.033	1	-0.266465
HNRNPD	-0.033	1	-0.266465
SFRS3	-0.033	1	-0.266465
FLNB	-0.033	1	-0.266465
GLS	-0.033	1	-0.266465
NAA15	-0.033	1	-0.266465
TFB1M	-0.033	1	-0.266465
MRPS34	-0.033	1	-0.266465
GTF2B	-0.033	1	-0.266465
NDUFS8	-0.033	1	-0.266465
XRCC5	-0.033	1	-0.266465
RPL22	-0.034	1	-0.274793
CDK12	-0.034	1	-0.274793
MAP2K2	-0.034	1	-0.274793
CKAP5	-0.034	1	-0.274793
AAAS	-0.034	1	-0.274793
THOC2	-0.034	1	-0.274793
PTPN13	-0.034	1	-0.274793
UBR4	-0.034	1	-0.274793
PRKAB1	-0.034	1	-0.274793
EYA1	-0.035	1	-0.28312
DIAPH3	-0.035	1	-0.28312
NCAPG2	-0.035	1	-0.28312
IP6K1	-0.035	1	-0.28312
PPP2R1B	-0.035	1	-0.28312
HEATR3	-0.036	1	-0.291447
RFC4	-0.036	1	-0.291447
SLC25A11	-0.036	1	-0.291447
DYNC2H1	-0.036	1	-0.291447
PDHB	-0.036	1	-0.291447
COBRA1	-0.036	1	-0.291447
PECI	-0.036	1	-0.291447
IGF2BP2	-0.036	1	-0.291447
KIAA0564	-0.036	1	-0.291447
GSE1	-0.036	1	-0.291447
PICALM	-0.036	1	-0.291447
ATPAF1	-0.037	1	-0.299774
ATP6V1A	-0.037	1	-0.299774
MID1	-0.037	1	-0.299774
TFRC	-0.037	1	-0.299774
ERAP1	-0.037	1	-0.299774
HSPA8	-0.037	1	-0.299774
ARL8A	-0.037	1	-0.299774
GUF1	-0.037	1	-0.299774
LGTN	-0.037	1	-0.299774
SMARCD1	-0.037	1	-0.299774
KCMF1	-0.037	1	-0.299774
MRPL14	-0.037	1	-0.299774
HSP90B1	-0.038	1	-0.308101
FRYL	-0.038	1	-0.308101
SNX2	-0.038	1	-0.308101
FXR2	-0.038	1	-0.308101
GTF2I	-0.038	1	-0.308101
MKRN2	-0.038	1	-0.308101
CLK3	-0.038	1	-0.308101
GCN1L1	-0.038	1	-0.308101
BLM	-0.039	1	-0.316428
ATP5L	-0.039	1	-0.316428
GFM1	-0.039	1	-0.316428
MINA	-0.039	1	-0.316428
STOML1	-0.039	1	-0.316428
IPO8	-0.039	1	-0.316428
TMEM111	-0.039	1	-0.316428
DARS2	-0.039	1	-0.316428
RRAS	-0.039	1	-0.316428
ARF5	-0.039	1	-0.316428
QTRTD1	-0.039	1	-0.316428
ARF1	-0.039	1	-0.316428
SMARCA5	-0.04	1	-0.324755
ATAD3A	-0.04	1	-0.324755
TFIP11	-0.04	1	-0.324755
UBA2	-0.04	1	-0.324755
ERGIC2	-0.04	1	-0.324755
FLAD1	-0.04	1	-0.324755
FBXO7	-0.04	1	-0.324755
FASN	-0.04	1	-0.324755
HDAC6	-0.04	1	-0.324755
XRCC6	-0.04	1	-0.324755
ALDH9A1	-0.041	1	-0.333082
DNAJA1	-0.041	1	-0.333082
LRBA	-0.041	1	-0.333082
SND1	-0.041	1	-0.333082
FLYWCH1	-0.041	1	-0.333082
NDUFS1	-0.041	1	-0.333082
ACAA1	-0.041	1	-0.333082
RHOT1	-0.041	1	-0.333082
ADSL	-0.041	1	-0.333082
GNA11	-0.041	1	-0.333082
NAF1	-0.041	1	-0.333082
VPS45	-0.042	1	-0.341409
XPNPEP3	-0.042	1	-0.341409
HSPA4	-0.042	1	-0.341409
TST	-0.042	1	-0.341409
RAF1	-0.042	1	-0.341409
TUBGCP3	-0.042	1	-0.341409
CYFIP2	-0.042	1	-0.341409
TMED10	-0.042	1	-0.341409
ATP6AP1	-0.042	1	-0.341409
EEF1A2	-0.042	1	-0.341409
NUP153	-0.042	1	-0.341409
ARF4	-0.042	1	-0.341409
ESRP2	-0.042	1	-0.341409
RNGTT	-0.042	1	-0.341409
TYMS	-0.043	1	-0.349736
EIF4G2	-0.043	1	-0.349736
RPL30	-0.043	1	-0.349736
AKT2	-0.043	1	-0.349736
DNA2	-0.043	1	-0.349736
PPP4C	-0.043	1	-0.349736
AARS	-0.043	1	-0.349736
PLOD1	-0.043	1	-0.349736
MAPRE2	-0.043	1	-0.349736
NMD3	-0.043	1	-0.349736
SHPRH	-0.043	1	-0.349736
AK6	-0.043	1	-0.349736
FAM125A	-0.043	1	-0.349736
EXOC1	-0.043	1	-0.349736
ZNF620	-0.044	1	-0.358063
ACOX3	-0.044	1	-0.358063
VPS13A	-0.044	1	-0.358063
RXRA	-0.044	1	-0.358063
ARL6	-0.044	1	-0.358063
ANAPC1	-0.044	1	-0.358063
TRIM28	-0.045	1	-0.36639
IPO4	-0.045	1	-0.36639
DNM3	-0.045	1	-0.36639
IARS2	-0.045	1	-0.36639
OCRL	-0.045	1	-0.36639
KIF2C	-0.045	1	-0.36639
C16ORF58	-0.045	1	-0.36639
RARS	-0.045	1	-0.36639
PRPSAP1	-0.045	1	-0.36639
SNX30	-0.045	1	-0.36639
CAD	-0.046	1	-0.374717
C3ORF26	-0.046	1	-0.374717
ZMYM2	-0.046	1	-0.374717
CCNB1	-0.046	1	-0.374717
UGGT1	-0.046	1	-0.374717
ZADH2	-0.046	1	-0.374717
PIAS1	-0.046	1	-0.374717
PRKAA2	-0.046	1	-0.374717
GTF3C1	-0.047	1	-0.383044
MCM5	-0.047	1	-0.383044
CTPS	-0.047	1	-0.383044
GET4	-0.047	1	-0.383044
NEDD4L	-0.047	1	-0.383044
PRDX2	-0.047	1	-0.383044
TMCO1	-0.047	1	-0.383044
MRPS22	-0.047	1	-0.383044
DYNC1H1	-0.047	1	-0.383044
DCTN1	-0.047	1	-0.383044
IRAK1	-0.047	1	-0.383044
HSPD1	-0.047	1	-0.383044
ACAD9	-0.048	1	-0.391371
MRPS2	-0.048	1	-0.391371
PSMD13	-0.048	1	-0.391371
MED12	-0.048	1	-0.391371
PTPLAD1	-0.048	1	-0.391371
ZNF768	-0.048	1	-0.391371
AMMECR1	-0.048	1	-0.391371
CTU2	-0.048	1	-0.391371
EEF1A1	-0.048	1	-0.391371
PTPMT1	-0.048	1	-0.391371
MRPS15	-0.049	1	-0.399698
C1ORF57	-0.049	1	-0.399698
SMARCA1	-0.049	1	-0.399698
DDX31	-0.049	1	-0.399698
EIF3D	-0.049	1	-0.399698
UQCRC1	-0.049	1	-0.399698
RPP30	-0.049	1	-0.399698
RABL3	-0.049	1	-0.399698
C9ORF125	-0.049	1	-0.399698
EXOC8	-0.05	1	-0.408025
CNOT1	-0.05	1	-0.408025
FOXK2	-0.05	1	-0.408025
HSD17B7	-0.05	1	-0.408025
ATG3	-0.05	1	-0.408025
TSNAX	-0.05	1	-0.408025
ORC3L	-0.05	1	-0.408025
NIP7	-0.05	1	-0.408025
VPS52	-0.051	1	-0.416352
ZZEF1	-0.051	1	-0.416352
OSBPL8	-0.051	1	-0.416352
PIK3C2A	-0.051	1	-0.416352
NUP62	-0.051	1	-0.416352
PSMD14	-0.051	1	-0.416352
KIAA0090	-0.051	1	-0.416352
LPGAT1	-0.051	1	-0.416352
EIF2B4	-0.051	1	-0.416352
PLCG1	-0.052	1	-0.424679
HSD17B11	-0.052	1	-0.424679
CAND2	-0.052	1	-0.424679
SRP54	-0.052	1	-0.424679
GAA	-0.052	1	-0.424679
ILVBL	-0.052	1	-0.424679
RBM9	-0.052	1	-0.424679
COPA	-0.052	1	-0.424679
STK38L	-0.052	1	-0.424679
TFDP2	-0.052	1	-0.424679
ARL6IP4	-0.053	1	-0.433006
CBX3	-0.053	1	-0.433006
SPG7	-0.053	1	-0.433006
DEK	-0.053	1	-0.433006
C22ORF28	-0.053	1	-0.433006
NSUN3	-0.053	1	-0.433006
PRKACB	-0.053	1	-0.433006
SNF8	-0.053	1	-0.433006
FARSA	-0.053	1	-0.433006
PPM1F	-0.053	1	-0.433006
CDK18	-0.053	1	-0.433006
ANXA7	-0.053	1	-0.433006
SNX8	-0.053	1	-0.433006
KRR1	-0.053	1	-0.433006
ITM2C	-0.053	1	-0.433006
ZMYM4	-0.054	1	-0.441333
CLGN	-0.054	1	-0.441333
LGMN	-0.054	1	-0.441333
CCT8	-0.054	1	-0.441333
IQGAP3	-0.054	1	-0.441333
TMED9	-0.054	1	-0.441333
CDKAL1	-0.054	1	-0.441333
SQLE	-0.054	1	-0.441333
POLR2L	-0.054	1	-0.441333
ACSL1	-0.054	1	-0.441333
CLN6	-0.054	1	-0.441333
NNT	-0.054	1	-0.441333
ZNF687	-0.055	1	-0.449661
VARS2	-0.055	1	-0.449661
RPS3	-0.055	1	-0.449661
COPG	-0.055	1	-0.449661
PSMD1	-0.055	1	-0.449661
CCT2	-0.055	1	-0.449661
SCYL2	-0.055	1	-0.449661
CBS	-0.055	1	-0.449661
HSPA9	-0.055	1	-0.449661
ACADSB	-0.055	1	-0.449661
NDUFAF3	-0.055	1	-0.449661
NAB2	-0.055	1	-0.449661
CSE1L	-0.056	1	-0.457988
ANKFY1	-0.056	1	-0.457988
UNC45A	-0.056	1	-0.457988
RPSA	-0.056	1	-0.457988
ZNF773	-0.056	1	-0.457988
GNB2L1	-0.056	1	-0.457988
GRB10	-0.056	1	-0.457988
DNAJC11	-0.056	1	-0.457988
PDXP	-0.056	1	-0.457988
DUSP11	-0.057	1	-0.466315
MON2	-0.057	1	-0.466315
ENOPH1	-0.057	1	-0.466315
ASCC3	-0.057	1	-0.466315
TAGLN2	-0.057	1	-0.466315
DDX49	-0.057	1	-0.466315
PRPS1	-0.057	1	-0.466315
PRPS2	-0.057	1	-0.466315
MAP2K1	-0.057	1	-0.466315
PCMT1	-0.057	1	-0.466315
MRPS35	-0.057	1	-0.466315
ABHD14B	-0.058	1	-0.474642
COX6C	-0.058	1	-0.474642
TES	-0.058	1	-0.474642
TBRG4	-0.058	1	-0.474642
SBNO1	-0.058	1	-0.474642
AAMP	-0.058	1	-0.474642
GGA2	-0.058	1	-0.474642
SKIV2L	-0.058	1	-0.474642
MKI67IP	-0.058	1	-0.474642
YARS	-0.058	1	-0.474642
UBE2E1	-0.059	1	-0.482969
FLNA	-0.059	1	-0.482969
ERGIC3	-0.059	1	-0.482969
VIPAR	-0.059	1	-0.482969
CTSD	-0.059	1	-0.482969
METT10D	-0.059	1	-0.482969
ARPC3	-0.06	1	-0.491296
RPS25	-0.06	1	-0.491296
YIF1B	-0.06	1	-0.491296
TMEM38B	-0.06	1	-0.491296
RANGAP1	-0.06	1	-0.491296
FKBP4	-0.06	1	-0.491296
BCKDHA	-0.06	1	-0.491296
MAPRE1	-0.06	1	-0.491296
GCLM	-0.06	1	-0.491296
UBXN7	-0.06	1	-0.491296
PDP1	-0.06	1	-0.491296
MRPL38	-0.06	1	-0.491296
C6ORF211	-0.06	1	-0.491296
VPS16	-0.06	1	-0.491296
MGEA5	-0.06	1	-0.491296
PTPRS	-0.06	1	-0.491296
TRNAU1AP	-0.061	1	-0.499623
SAE1	-0.061	1	-0.499623
PIK3R4	-0.061	1	-0.499623
LIPA	-0.061	1	-0.499623
FUK	-0.061	1	-0.499623
ZNF740	-0.061	1	-0.499623
GLIPR2	-0.061	1	-0.499623
PSMD10	-0.061	1	-0.499623
DNM1L	-0.061	1	-0.499623
ACO1	-0.061	1	-0.499623
RPS19	-0.062	1	-0.50795
LMNA	-0.062	1	-0.50795
TOP1	-0.062	1	-0.50795
FIG4	-0.062	1	-0.50795
DNM2	-0.062	1	-0.50795
KIAA1797	-0.062	1	-0.50795
CSTF1	-0.063	1	-0.516277
GEMIN5	-0.063	1	-0.516277
NUDT21	-0.063	1	-0.516277
TRIP13	-0.063	1	-0.516277
STXBP2	-0.063	1	-0.516277
ATRX	-0.063	1	-0.516277
SBF1	-0.063	1	-0.516277
TRUB1	-0.063	1	-0.516277
HDAC8	-0.063	1	-0.516277
DARS	-0.064	1	-0.524604
CTNNBL1	-0.064	1	-0.524604
LASS6	-0.064	1	-0.524604
CNN2	-0.064	1	-0.524604
RBM27	-0.064	1	-0.524604
MYL6	-0.064	1	-0.524604
UCK2	-0.064	1	-0.524604
GMPS	-0.064	1	-0.524604
PSMA7	-0.064	1	-0.524604
FAM48A	-0.064	1	-0.524604
SLC30A5	-0.064	1	-0.524604
AARSD1	-0.065	1	-0.532931
RNF123	-0.065	1	-0.532931
KPNA4	-0.065	1	-0.532931
STK3	-0.065	1	-0.532931
MTPAP	-0.065	1	-0.532931
ETF1	-0.065	1	-0.532931
GFM2	-0.065	1	-0.532931
URGCP	-0.065	1	-0.532931
WDR8	-0.065	1	-0.532931
CFL1	-0.065	1	-0.532931
SULT1A1	-0.065	1	-0.532931
FMR1	-0.066	1	-0.541258
AP3B1	-0.066	1	-0.541258
RNMTL1	-0.066	1	-0.541258
CHERP	-0.066	1	-0.541258
CLTC	-0.066	1	-0.541258
MTX2	-0.066	1	-0.541258
EHD4	-0.066	1	-0.541258
PRIM2	-0.066	1	-0.541258
AHSA1	-0.066	1	-0.541258
RANBP3	-0.066	1	-0.541258
MAPKAPK2	-0.066	1	-0.541258
VAPB	-0.066	1	-0.541258
IRS4	-0.067	1	-0.549585
SLC2A1	-0.067	1	-0.549585
PLAA	-0.067	1	-0.549585
PDK3	-0.067	1	-0.549585
NUP37	-0.067	1	-0.549585
STK19	-0.067	1	-0.549585
NUP50	-0.067	1	-0.549585
AP2A1	-0.067	1	-0.549585
UBTF	-0.067	1	-0.549585
SIN3A	-0.068	1	-0.557912
RPS9	-0.068	1	-0.557912
CHTF8	-0.068	1	-0.557912
POLA1	-0.068	1	-0.557912
PRPF8	-0.068	1	-0.557912
STAT5B	-0.068	1	-0.557912
PRKACA	-0.068	1	-0.557912
DNAJB4	-0.068	1	-0.557912
TTK	-0.068	1	-0.557912
GDI2	-0.068	1	-0.557912
ZDHHC17	-0.068	1	-0.557912
DNPEP	-0.068	1	-0.557912
POLDIP3	-0.069	1	-0.566239
PIGT	-0.069	1	-0.566239
SMC4	-0.069	1	-0.566239
FARSB	-0.069	1	-0.566239
HNRNPR	-0.069	1	-0.566239
FASTKD2	-0.069	1	-0.566239
NUP133	-0.069	1	-0.566239
FEN1	-0.069	1	-0.566239
RSU1	-0.069	1	-0.566239
IQGAP1	-0.069	1	-0.566239
GTF3C4	-0.069	1	-0.566239
PHGDH	-0.069	1	-0.566239
RRP7A	-0.07	1	-0.574566
GTF2H4	-0.07	1	-0.574566
MPG	-0.07	1	-0.574566
RAB31	-0.07	1	-0.574566
SNRPD3	-0.07	1	-0.574566
SRM	-0.07	1	-0.574566
FAM120A	-0.07	1	-0.574566
OXSR1	-0.07	1	-0.574566
TMEM70	-0.071	1	-0.582893
PSME3	-0.071	1	-0.582893
PIGK	-0.071	1	-0.582893
KNTC1	-0.071	1	-0.582893
PPA2	-0.071	1	-0.582893
EFHD2	-0.071	1	-0.582893
RBPMS2	-0.071	1	-0.582893
TROVE2	-0.071	1	-0.582893
APPL1	-0.072	1	-0.59122
NCBP2	-0.072	1	-0.59122
CAPZA2	-0.072	1	-0.59122
GSTP1	-0.072	1	-0.59122
DCP1A	-0.072	1	-0.59122
GMPPA	-0.072	1	-0.59122
DCAF7	-0.072	1	-0.59122
PIGG	-0.072	1	-0.59122
SH3BP4	-0.073	1	-0.599547
HPS6	-0.073	1	-0.599547
GBAS	-0.073	1	-0.599547
NR2F6	-0.073	1	-0.599547
NAP1L1	-0.073	1	-0.599547
ERLIN2	-0.073	1	-0.599547
USP9X	-0.073	1	-0.599547
BDH1	-0.073	1	-0.599547
PDK1	-0.073	1	-0.599547
EEF1E1	-0.073	1	-0.599547
EIF2S1	-0.073	1	-0.599547
XPO1	-0.073	1	-0.599547
CNOT10	-0.073	1	-0.599547
PRDX6	-0.073	1	-0.599547
PANK4	-0.073	1	-0.599547
PRKCA	-0.073	1	-0.599547
PNO1	-0.074	1	-0.607874
CDK11B	-0.074	1	-0.607874
MRI1	-0.074	1	-0.607874
TUBG1	-0.074	1	-0.607874
CCT6A	-0.074	1	-0.607874
RBM47	-0.074	1	-0.607874
ZNF703	-0.075	1	-0.616201
ZNF503	-0.075	1	-0.616201
HSPB1	-0.075	1	-0.616201
PEF1	-0.075	1	-0.616201
STIP1	-0.075	1	-0.616201
SYNCRIP	-0.075	1	-0.616201
NCOR2	-0.075	1	-0.616201
PARVA	-0.075	1	-0.616201
RPL12	-0.075	1	-0.616201
USP7	-0.075	1	-0.616201
SLC27A4	-0.075	1	-0.616201
C17ORF42	-0.075	1	-0.616201
BAT2L1	-0.075	1	-0.616201
PAPSS1	-0.076	1	-0.624528
UGDH	-0.076	1	-0.624528
NUDT16	-0.076	1	-0.624528
LNPEP	-0.076	1	-0.624528
ZNF281	-0.076	1	-0.624528
HSP90AB1	-0.077	1	-0.632856
TNRC6B	-0.077	1	-0.632856
DIS3	-0.077	1	-0.632856
ACAD10	-0.077	1	-0.632856
UBE3C	-0.077	1	-0.632856
PIK3C3	-0.077	1	-0.632856
EIF3B	-0.077	1	-0.632856
USO1	-0.078	1	-0.641183
NDUFA12	-0.078	1	-0.641183
IKBKAP	-0.078	1	-0.641183
SENP1	-0.078	1	-0.641183
YEATS2	-0.078	1	-0.641183
VAV2	-0.078	1	-0.641183
RHEB	-0.078	1	-0.641183
CUL4A	-0.078	1	-0.641183
AGPAT2	-0.079	1	-0.64951
PCNA	-0.079	1	-0.64951
SMC2	-0.079	1	-0.64951
RBBP4	-0.079	1	-0.64951
FAHD1	-0.079	1	-0.64951
PON2	-0.079	1	-0.64951
DCP1B	-0.079	1	-0.64951
FHOD1	-0.08	1	-0.657837
PKN1	-0.08	1	-0.657837
GALK1	-0.08	1	-0.657837
CHD1L	-0.08	1	-0.657837
WDR11	-0.08	1	-0.657837
G3BP1	-0.081	1	-0.666164
KIAA0664	-0.081	1	-0.666164
ATG7	-0.081	1	-0.666164
AGK	-0.081	1	-0.666164
RPS6KB1	-0.081	1	-0.666164
CDK5	-0.081	1	-0.666164
ANAPC7	-0.081	1	-0.666164
ATL1	-0.081	1	-0.666164
PWP2	-0.081	1	-0.666164
ANXA2	-0.081	1	-0.666164
TOP2B	-0.082	1	-0.674491
TBX3	-0.082	1	-0.674491
MAD2L1	-0.082	1	-0.674491
PATL1	-0.082	1	-0.674491
PRMT3	-0.082	1	-0.674491
BAT5	-0.082	1	-0.674491
NOL8	-0.082	1	-0.674491
MCM4	-0.082	1	-0.674491
C4ORF27	-0.082	1	-0.674491
ST13	-0.082	1	-0.674491
RAD54L2	-0.082	1	-0.674491
LONP2	-0.082	1	-0.674491
GLI3	-0.082	1	-0.674491
RAB21	-0.083	1	-0.682818
AP3S1	-0.083	1	-0.682818
UBLCP1	-0.083	1	-0.682818
BZW1	-0.083	1	-0.682818
CARM1	-0.083	1	-0.682818
NARS	-0.083	1	-0.682818
RPRD2	-0.083	1	-0.682818
PDCD6IP	-0.083	1	-0.682818
TOMM70A	-0.083	1	-0.682818
FAHD2A	-0.083	1	-0.682818
UMPS	-0.083	1	-0.682818
TOP2A	-0.084	1	-0.691145
OTUB1	-0.084	1	-0.691145
AP1B1	-0.084	1	-0.691145
GAK	-0.084	1	-0.691145
PSMA3	-0.084	1	-0.691145
ANO10	-0.084	1	-0.691145
SERPINB1	-0.084	1	-0.691145
UBE4A	-0.084	1	-0.691145
APOBEC3C	-0.085	1	-0.699472
AP2M1	-0.085	1	-0.699472
GFPT1	-0.085	1	-0.699472
PSMA5	-0.085	1	-0.699472
NDUFB10	-0.085	1	-0.699472
PPIL2	-0.086	1	-0.707799
MCM7	-0.086	1	-0.707799
HIP1R	-0.086	1	-0.707799
COPG2	-0.086	1	-0.707799
DGKA	-0.086	1	-0.707799
PGS1	-0.086	1	-0.707799
PFKP	-0.086	1	-0.707799
ALAS1	-0.087	1	-0.716126
MAGED1	-0.087	1	-0.716126
EIF4A1	-0.087	1	-0.716126
MPST	-0.087	1	-0.716126
TFB2M	-0.087	1	-0.716126
SNX7	-0.087	1	-0.716126
PRKAA1	-0.087	1	-0.716126
CCBL2	-0.088	1	-0.724453
MCM3	-0.088	1	-0.724453
TOE1	-0.088	1	-0.724453
RAB3GAP2	-0.088	1	-0.724453
SASS6	-0.088	1	-0.724453
CDK17	-0.088	1	-0.724453
METTL8	-0.088	1	-0.724453
DIAPH1	-0.088	1	-0.724453
NT5DC2	-0.088	1	-0.724453
C21ORF33	-0.088	1	-0.724453
PHKB	-0.088	1	-0.724453
VPS13D	-0.088	1	-0.724453
CSTB	-0.089	1	-0.73278
ATP6V0D1	-0.089	1	-0.73278
SAMM50	-0.089	1	-0.73278
MCM3AP	-0.089	1	-0.73278
IPO9	-0.089	1	-0.73278
SEC24B	-0.089	1	-0.73278
CDK2	-0.089	1	-0.73278
AP3M2	-0.089	1	-0.73278
CNOT8	-0.089	1	-0.73278
NAA35	-0.089	1	-0.73278
POLQ	-0.089	1	-0.73278
EXOC6	-0.09	1	-0.741107
DOCK7	-0.09	1	-0.741107
IRF3	-0.09	1	-0.741107
INPP1	-0.09	1	-0.741107
ILK	-0.091	1	-0.749434
MDC1	-0.091	1	-0.749434
PABPC1	-0.091	1	-0.749434
EEFSEC	-0.091	1	-0.749434
RRM1	-0.091	1	-0.749434
RETSAT	-0.091	1	-0.749434
RAD51	-0.091	1	-0.749434
PDPR	-0.092	1	-0.757761
DYNC2LI1	-0.092	1	-0.757761
NUPL2	-0.092	1	-0.757761
CTTN	-0.093	1	-0.766088
PARP2	-0.093	1	-0.766088
PSAT1	-0.093	1	-0.766088
CLP1	-0.093	1	-0.766088
GPKOW	-0.093	1	-0.766088
KIF14	-0.093	1	-0.766088
MRPL9	-0.093	1	-0.766088
ATXN2L	-0.093	1	-0.766088
LARS	-0.093	1	-0.766088
CKAP2	-0.093	1	-0.766088
PARG	-0.093	1	-0.766088
DBN1	-0.094	1	-0.774415
IWS1	-0.094	1	-0.774415
TM7SF2	-0.094	1	-0.774415
SRBD1	-0.094	1	-0.774415
NEDD4	-0.094	1	-0.774415
QRICH1	-0.094	1	-0.774415
PDPK1	-0.094	1	-0.774415
TRMT5	-0.094	1	-0.774415
NKIRAS2	-0.094	1	-0.774415
AP4S1	-0.094	1	-0.774415
HDAC2	-0.095	1	-0.782742
SETX	-0.095	1	-0.782742
BPNT1	-0.095	1	-0.782742
HSPA14	-0.095	1	-0.782742
FUCA2	-0.095	1	-0.782742
ACTR1B	-0.095	1	-0.782742
DVL2	-0.095	1	-0.782742
TUBGCP2	-0.095	1	-0.782742
SLC1A4	-0.095	1	-0.782742
MED18	-0.096	1	-0.791069
KIDINS220	-0.096	1	-0.791069
GLT8D1	-0.096	1	-0.791069
FAM108B1	-0.096	1	-0.791069
MT-CO2	-0.096	1	-0.791069
C12ORF23	-0.096	1	-0.791069
SARS	-0.096	1	-0.791069
IGHMBP2	-0.096	1	-0.791069
ZMYM1	-0.096	1	-0.791069
SLC7A3	-0.096	1	-0.791069
MTCH1	-0.097	1	-0.799396
UQCRQ	-0.097	1	-0.799396
CBARA1	-0.097	1	-0.799396
HNRNPK	-0.097	1	-0.799396
STEAP3	-0.097	1	-0.799396
QARS	-0.097	1	-0.799396
COPS2	-0.098	1	-0.807724
COX7A2	-0.098	1	-0.807724
ALDH7A1	-0.098	1	-0.807724
RNF213	-0.098	1	-0.807724
ABCF2	-0.098	1	-0.807724
CPSF1	-0.098	1	-0.807724
TNRC6A	-0.098	1	-0.807724
CNN3	-0.098	1	-0.807724
CTSA	-0.099	1	-0.816051
LASS1	-0.099	1	-0.816051
FIBP	-0.099	1	-0.816051
TBC1D4	-0.099	1	-0.816051
NDUFS2	-0.099	1	-0.816051
RFC5	-0.099	1	-0.816051
CUL1	-0.099	1	-0.816051
RPL38	-0.099	1	-0.816051
ARF6	-0.099	1	-0.816051
RPS13	-0.1	1	-0.824378
CLASP1	-0.1	1	-0.824378
NUTF2	-0.1	1	-0.824378
TRM1L	-0.1	1	-0.824378
COPZ1	-0.1	1	-0.824378
XPNPEP1	-0.1	1	-0.824378
MPP6	-0.1	1	-0.824378
BAT2L2	-0.1	1	-0.824378
DOLPP1	-0.1	1	-0.824378
GLRX3	-0.101	1	-0.832705
PPP1CB	-0.101	1	-0.832705
DAGLB	-0.101	1	-0.832705
CDC23	-0.101	1	-0.832705
KIAA1967	-0.101	1	-0.832705
CCT7	-0.101	1	-0.832705
RPL9	-0.101	1	-0.832705
YWHAZ	-0.102	1	-0.841032
LRRC40	-0.102	1	-0.841032
GARS	-0.102	1	-0.841032
UBE2L3	-0.102	1	-0.841032
PLEKHA1	-0.103	1	-0.849359
ZNF33A	-0.103	1	-0.849359
DHX57	-0.103	1	-0.849359
NUP107	-0.103	1	-0.849359
OSBPL11	-0.103	1	-0.849359
PTK2	-0.103	1	-0.849359
NUDCD2	-0.103	1	-0.849359
EPPK1	-0.104	1	-0.857686
CABC1	-0.104	1	-0.857686
PTP4A1	-0.104	1	-0.857686
LARP4B	-0.104	1	-0.857686
MTOR	-0.104	1	-0.857686
SLC25A17	-0.105	1	-0.866013
HDAC1	-0.105	1	-0.866013
CLINT1	-0.105	1	-0.866013
DOCK1	-0.105	1	-0.866013
TTLL12	-0.105	1	-0.866013
ORC4L	-0.105	1	-0.866013
CDC27	-0.106	1	-0.87434
TRMT11	-0.106	1	-0.87434
UAP1L1	-0.106	1	-0.87434
DHX29	-0.107	1	-0.882667
EIF4A2	-0.107	1	-0.882667
XPO7	-0.107	1	-0.882667
PRAF2	-0.107	1	-0.882667
MRPL28	-0.107	1	-0.882667
CISD1	-0.107	1	-0.882667
NAA16	-0.108	1	-0.890994
NCKAP1	-0.108	1	-0.890994
UBA3	-0.108	1	-0.890994
DHFR	-0.108	1	-0.890994
PXN	-0.108	1	-0.890994
NET1	-0.108	1	-0.890994
POLD1	-0.109	1	-0.899321
GLA	-0.109	1	-0.899321
NOL9	-0.109	1	-0.899321
TBC1D9B	-0.109	1	-0.899321
PLD3	-0.109	1	-0.899321
AACS	-0.109	1	-0.899321
CBWD2	-0.109	1	-0.899321
ENO1	-0.109	1	-0.899321
STAT3	-0.11	1	-0.907648
IPO5	-0.11	1	-0.907648
ARL2	-0.11	1	-0.907648
HERC5	-0.111	1	-0.915975
VPRBP	-0.111	1	-0.915975
MSTO1	-0.111	1	-0.915975
AP3M1	-0.111	1	-0.915975
RRM2B	-0.112	1	-0.924302
HNRNPL	-0.112	1	-0.924302
RAN	-0.112	1	-0.924302
MST4	-0.112	1	-0.924302
NAE1	-0.112	1	-0.924302
MAT2A	-0.112	1	-0.924302
AP1G1	-0.113	1	-0.932629
BCCIP	-0.113	1	-0.932629
DLAT	-0.113	1	-0.932629
NCAPG	-0.113	1	-0.932629
VPS35	-0.114	1	-0.940956
HDLBP	-0.114	1	-0.940956
ANAPC5	-0.114	1	-0.940956
CCNC	-0.114	1	-0.940956
GAPDH	-0.114	1	-0.940956
PLOD2	-0.114	1	-0.940956
DUSP9	-0.114	1	-0.940956
COPS5	-0.114	1	-0.940956
MTR	-0.114	1	-0.940956
INTS3	-0.114	1	-0.940956
PHLDA3	-0.115	1	-0.949283
UBE2D3	-0.115	1	-0.949283
IMPA1	-0.115	1	-0.949283
ATP6AP2	-0.115	1	-0.949283
NAMPT	-0.115	1	-0.949283
BRP44	-0.115	1	-0.949283
CHEK2	-0.115	1	-0.949283
GMPPB	-0.116	1	-0.95761
DOCK6	-0.116	1	-0.95761
AP3D1	-0.116	1	-0.95761
FANCD2	-0.116	1	-0.95761
AHR	-0.116	1	-0.95761
USP10	-0.116	1	-0.95761
KDELC2	-0.116	1	-0.95761
PACS1	-0.116	1	-0.95761
EIF2B2	-0.116	1	-0.95761
PGM2	-0.117	1	-0.965937
SNX6	-0.117	1	-0.965937
AGTPBP1	-0.117	1	-0.965937
PPA1	-0.117	1	-0.965937
RNPEP	-0.117	1	-0.965937
NAA10	-0.117	1	-0.965937
CORO2A	-0.117	1	-0.965937
AMFR	-0.117	1	-0.965937
ZFYVE21	-0.117	1	-0.965937
ERI1	-0.118	1	-0.974264
DCP2	-0.118	1	-0.974264
NDRG3	-0.118	1	-0.974264
TBC1D15	-0.119	1	-0.982591
SLIRP	-0.119	1	-0.982591
GGCX	-0.119	1	-0.982591
COPE	-0.119	1	-0.982591
LRRC14	-0.12	1	-0.990919
RPS24	-0.12	1	-0.990919
PPP2R1A	-0.12	1	-0.990919
UBXN6	-0.12	1	-0.990919
RINT1	-0.12	1	-0.990919
RPA1	-0.12	1	-0.990919
POLR2H	-0.121	1	-0.999246
UPP1	-0.121	1	-0.999246
API5	-0.121	1	-0.999246
PIGN	-0.121	1	-0.999246
TUBGCP4	-0.121	1	-0.999246
BLVRA	-0.121	1	-0.999246
CDK1	-0.122	1	-1.00757
ARVCF	-0.122	1	-1.00757
EFTUD1	-0.123	1	-1.0159
GMDS	-0.123	1	-1.0159
SLC25A15	-0.123	1	-1.0159
PSMD11	-0.123	1	-1.0159
TUBD1	-0.123	1	-1.0159
AP2B1	-0.123	1	-1.0159
MT-ND1	-0.123	1	-1.0159
GXYLT1	-0.124	1	-1.02423
CNOT6	-0.124	1	-1.02423
EFR3A	-0.124	1	-1.02423
XPO5	-0.124	1	-1.02423
EFHA1	-0.124	1	-1.02423
PET112L	-0.124	1	-1.02423
SARM1	-0.124	1	-1.02423
NSUN6	-0.124	1	-1.02423
NT5C3	-0.124	1	-1.02423
EIF4ENIF1	-0.124	1	-1.02423
STX5	-0.125	1	-1.03255
VPS53	-0.125	1	-1.03255
EHD1	-0.125	1	-1.03255
AK2	-0.125	1	-1.03255
HELZ	-0.125	1	-1.03255
GLMN	-0.125	1	-1.03255
EIF3L	-0.125	1	-1.03255
MORF4L1	-0.125	1	-1.03255
ATP1B3	-0.125	1	-1.03255
NECAP2	-0.126	1	-1.04088
TTC37	-0.126	1	-1.04088
ZNHIT6	-0.126	1	-1.04088
FPGT	-0.126	1	-1.04088
EDRF1	-0.126	1	-1.04088
XRCC3	-0.127	1	-1.04921
ZC3HAV1	-0.127	1	-1.04921
FKBP5	-0.127	1	-1.04921
C11ORF59	-0.127	1	-1.04921
STT3B	-0.128	1	-1.05753
SC5DL	-0.128	1	-1.05753
NBEA	-0.128	1	-1.05753
MAP2K6	-0.128	1	-1.05753
UBA1	-0.128	1	-1.05753
AGPAT6	-0.128	1	-1.05753
RAD51L1	-0.129	1	-1.06586
SAV1	-0.129	1	-1.06586
PPP1CC	-0.129	1	-1.06586
RPL17	-0.129	1	-1.06586
SLK	-0.129	1	-1.06586
AP2A2	-0.129	1	-1.06586
ARL3	-0.129	1	-1.06586
ATP2C1	-0.13	1	-1.07419
CSNK1A1	-0.13	1	-1.07419
SNTB1	-0.13	1	-1.07419
DICER1	-0.13	1	-1.07419
RPS15A	-0.13	1	-1.07419
PDCD6	-0.13	1	-1.07419
EPHA2	-0.13	1	-1.07419
VARS	-0.131	1	-1.08252
SCYL1	-0.131	1	-1.08252
MTP18	-0.131	1	-1.08252
MMS19	-0.131	1	-1.08252
MCM6	-0.132	1	-1.09084
ATP6V0A1	-0.132	1	-1.09084
TMLHE	-0.132	1	-1.09084
BUB3	-0.132	1	-1.09084
ANK3	-0.133	1	-1.09917
SLC35A3	-0.133	1	-1.09917
NXN	-0.133	1	-1.09917
PSPC1	-0.134	1	-1.1075
RABL2A	-0.134	1	-1.1075
PDCD4	-0.135	1	-1.11582
TUBA4A	-0.135	1	-1.11582
STK4	-0.135	1	-1.11582
TOP3B	-0.135	1	-1.11582
PCGF5	-0.135	1	-1.11582
QRSL1	-0.135	1	-1.11582
NCOR1	-0.135	1	-1.11582
TIMM44	-0.135	1	-1.11582
TSEN34	-0.135	1	-1.11582
PDIA6	-0.136	1	-1.12415
EIF4G1	-0.136	1	-1.12415
IFT172	-0.136	1	-1.12415
STAT1	-0.136	1	-1.12415
PKN2	-0.136	1	-1.12415
PRKCQ	-0.136	1	-1.12415
ABCA3	-0.137	1	-1.13248
PARVB	-0.137	1	-1.13248
AP1M1	-0.138	1	-1.14081
ALDH1A2	-0.138	1	-1.14081
EIF1AX	-0.138	1	-1.14081
DONSON	-0.138	1	-1.14081
ELP3	-0.139	1	-1.14913
FAM40A	-0.139	1	-1.14913
PDE12	-0.139	1	-1.14913
RPL34	-0.14	1	-1.15746
NT5C3L	-0.14	1	-1.15746
UBE2I	-0.14	1	-1.15746
SEC22B	-0.141	1	-1.16579
PPP2R5D	-0.141	1	-1.16579
TXN	-0.141	1	-1.16579
ZCCHC11	-0.141	1	-1.16579
METAP2	-0.142	1	-1.17411
ABHD11	-0.142	1	-1.17411
SAMHD1	-0.142	1	-1.17411
NVL	-0.142	1	-1.17411
TTC38	-0.142	1	-1.17411
ADI1	-0.143	1	-1.18244
NUDT1	-0.143	1	-1.18244
UBE2D1	-0.143	1	-1.18244
MRPL13	-0.143	1	-1.18244
GPSM1	-0.143	1	-1.18244
PALLD	-0.143	1	-1.18244
PEX1	-0.143	1	-1.18244
CHEK1	-0.143	1	-1.18244
LEPRE1	-0.144	1	-1.19077
ZFHX4	-0.144	1	-1.19077
RANBP6	-0.144	1	-1.19077
CSK	-0.144	1	-1.19077
GTPBP3	-0.145	1	-1.19909
POLD3	-0.145	1	-1.19909
ACTL6A	-0.145	1	-1.19909
PFAS	-0.145	1	-1.19909
PAPD4	-0.145	1	-1.19909
POLR2E	-0.145	1	-1.19909
TTC39A	-0.145	1	-1.19909
IDH1	-0.145	1	-1.19909
XPO4	-0.146	1	-1.20742
NCAPD2	-0.146	1	-1.20742
COPB2	-0.147	1	-1.21575
NUB1	-0.147	1	-1.21575
CACYBP	-0.148	1	-1.22408
LDHA	-0.148	1	-1.22408
ERGIC1	-0.148	1	-1.22408
HK1	-0.148	1	-1.22408
FADS1	-0.148	1	-1.22408
FANCG	-0.149	1	-1.2324
ASCC1	-0.149	1	-1.2324
PPME1	-0.149	1	-1.2324
TGFBRAP1	-0.149	1	-1.2324
UBA5	-0.149	1	-1.2324
TAOK2	-0.15	1	-1.24073
NPEPPS	-0.15	1	-1.24073
ACP1	-0.15	1	-1.24073
SNX3	-0.151	1	-1.24906
GBF1	-0.151	1	-1.24906
HNRPDL	-0.151	1	-1.24906
MTX1	-0.151	1	-1.24906
EXOSC1	-0.151	1	-1.24906
LIMK2	-0.153	1	-1.26571
MAP4K5	-0.153	1	-1.26571
UBE3A	-0.154	1	-1.27404
IFT122	-0.154	1	-1.27404
DHX16	-0.154	1	-1.27404
GCDH	-0.154	1	-1.27404
C7ORF10	-0.154	1	-1.27404
ECD	-0.154	1	-1.27404
CSDE1	-0.155	1	-1.28237
VPS4A	-0.155	1	-1.28237
CDC73	-0.155	1	-1.28237
FASTKD1	-0.155	1	-1.28237
NOC4L	-0.155	1	-1.28237
UBAP2L	-0.155	1	-1.28237
COG5	-0.156	1	-1.29069
METTL7A	-0.156	1	-1.29069
AGFG2	-0.156	1	-1.29069
ABR	-0.157	1	-1.29902
GPAA1	-0.157	1	-1.29902
ALDH16A1	-0.157	1	-1.29902
MYO9B	-0.157	1	-1.29902
PTOV1	-0.158	1	-1.30735
SACS	-0.158	1	-1.30735
TWF1	-0.159	1	-1.31567
ORC1L	-0.159	1	-1.31567
SGPL1	-0.159	1	-1.31567
SKP2	-0.159	1	-1.31567
TRNT1	-0.159	1	-1.31567
COMTD1	-0.159	1	-1.31567
CYP51A1	-0.159	1	-1.31567
SC4MOL	-0.16	1	-1.324
TUBA1B	-0.161	1	-1.33233
LIG1	-0.161	1	-1.33233
HOXA10	-0.161	1	-1.33233
PIR	-0.161	1	-1.33233
CLN8	-0.161	1	-1.33233
TOMM7	-0.162	1	-1.34065
TALDO1	-0.162	1	-1.34065
IDI1	-0.162	1	-1.34065
VPS33B	-0.163	1	-1.34898
CFL2	-0.164	1	-1.35731
PGD	-0.164	1	-1.35731
NUBP2	-0.164	1	-1.35731
TBP	-0.165	1	-1.36564
STK24	-0.165	1	-1.36564
TUBB2A	-0.165	1	-1.36564
TUBB2B	-0.165	1	-1.36564
EIF6	-0.166	1	-1.37396
EIF5A	-0.166	1	-1.37396
EIF3F	-0.166	1	-1.37396
GYG1	-0.167	1	-1.38229
TBCE	-0.167	1	-1.38229
TLN1	-0.167	1	-1.38229
SMARCAL1	-0.168	1	-1.39062
HK2	-0.168	1	-1.39062
MYO9A	-0.168	1	-1.39062
NEK9	-0.169	1	-1.39894
FFR	-0.169	1	-1.39894
DUS2L	-0.169	1	-1.39894
COTL1	-0.169	1	-1.39894
EGLN1	-0.169	1	-1.39894
ZNF385A	-0.17	1	-1.40727
ATXN10	-0.17	1	-1.40727
DDX42	-0.17	1	-1.40727
RCOR3	-0.17	1	-1.40727
DMXL2	-0.171	1	-1.4156
FAM49A	-0.171	1	-1.4156
XRN1	-0.172	1	-1.42392
ZFP1	-0.172	1	-1.42392
HAUS5	-0.173	1	-1.43225
FHL1	-0.173	1	-1.43225
ANXA11	-0.173	1	-1.43225
NDUFAF4	-0.173	1	-1.43225
USP16	-0.175	1	-1.44891
COIL	-0.175	1	-1.44891
UBR5	-0.176	1	-1.45723
RBMX	-0.176	1	-1.45723
MGST3	-0.176	1	-1.45723
IQSEC1	-0.176	1	-1.45723
TUBB4	-0.176	1	-1.45723
UBE2O	-0.176	1	-1.45723
RAB34	-0.176	1	-1.45723
PPP2R2A	-0.177	1	-1.46556
CPSF3L	-0.177	1	-1.46556
TRMT1	-0.178	1	-1.47389
CDYL	-0.178	1	-1.47389
EPT1	-0.178	1	-1.47389
RRAGA	-0.179	1	-1.48221
UBXN1	-0.179	1	-1.48221
RHOT2	-0.18	1	-1.49054
SLC38A2	-0.18	1	-1.49054
ABHD13	-0.181	1	-1.49887
MOBKL1A	-0.181	1	-1.49887
LARP4	-0.181	1	-1.49887
CUL4B	-0.181	1	-1.49887
EIF5	-0.182	1	-1.5072
MOCS2	-0.182	1	-1.5072
NUDT2	-0.182	1	-1.5072
DLD	-0.183	1	-1.51552
OSBP	-0.183	1	-1.51552
TRMT2A	-0.183	1	-1.51552
BAAT1	-0.183	1	-1.51552
SAAL1	-0.183	1	-1.51552
MOSC2	-0.183	1	-1.51552
TRPC4AP	-0.184	1	-1.52385
KDM4B	-0.184	1	-1.52385
TUBB2C	-0.184	1	-1.52385
PPP1R8	-0.185	1	-1.53218
BZW2	-0.186	1	-1.5405
SLC12A2	-0.186	1	-1.5405
TUBB3	-0.186	1	-1.5405
TK1	-0.187	1	-1.54883
SEC24A	-0.187	1	-1.54883
DOCK5	-0.188	1	-1.55716
ORC5L	-0.188	1	-1.55716
GTF2H1	-0.188	1	-1.55716
ESF1	-0.188	1	-1.55716
PRPF38B	-0.189	1	-1.56548
TBPL1	-0.189	1	-1.56548
MCTS1	-0.19	1	-1.57381
AKT1	-0.19	1	-1.57381
VPS36	-0.192	1	-1.59047
SFRS11	-0.192	1	-1.59047
ACOT7	-0.192	1	-1.59047
TBC1D7	-0.192	1	-1.59047
GPD1L	-0.192	1	-1.59047
EIF3E	-0.193	1	-1.59879
KATNB1	-0.193	1	-1.59879
RNASEH2C	-0.193	1	-1.59879
RSL1D1	-0.194	1	-1.60712
MED14	-0.194	1	-1.60712
USP4	-0.194	1	-1.60712
TUBB	-0.194	1	-1.60712
HMBS	-0.194	1	-1.60712
MLLT11	-0.194	1	-1.60712
MAD1L1	-0.196	1	-1.62377
HADH	-0.197	1	-1.6321
COG1	-0.197	1	-1.6321
TRMT2B	-0.198	1	-1.64043
PAFAH1B2	-0.199	1	-1.64876
TUBB6	-0.199	1	-1.64876
METTL7B	-0.199	1	-1.64876
YWHAE	-0.2	1	-1.65708
SF3B2	-0.2	1	-1.65708
RUFY3	-0.201	1	-1.66541
SNAP47	-0.201	1	-1.66541
PTPN9	-0.202	1	-1.67374
PDLIM7	-0.202	1	-1.67374
RIPK1	-0.203	1	-1.68206
MRPS11	-0.203	1	-1.68206
DUS3L	-0.203	1	-1.68206
ITPK1	-0.203	1	-1.68206
SUGT1	-0.204	1	-1.69039
CDK8	-0.204	1	-1.69039
CXXC1	-0.205	1	-1.69872
DHX8	-0.205	1	-1.69872
EXOSC3	-0.205	1	-1.69872
MAP2K4	-0.206	1	-1.70704
HAT1	-0.207	1	-1.71537
PRCP	-0.208	1	-1.7237
INPP4A	-0.208	1	-1.7237
EIF4E2	-0.209	1	-1.73203
GFPT2	-0.209	1	-1.73203
FECH	-0.21	1	-1.74035
GBA	-0.21	1	-1.74035
VPS54	-0.211	1	-1.74868
ULK3	-0.211	1	-1.74868
THAP11	-0.212	1	-1.75701
GATAD1	-0.214	1	-1.77366
TPRKB	-0.214	1	-1.77366
TRMU	-0.215	1	-1.78199
SF3B3	-0.216	1	-1.79031
GPI	-0.217	1	-1.79864
DSCR3	-0.219	1	-1.8153
BBX	-0.219	1	-1.8153
C11ORF73	-0.22	1	-1.82362
ALKBH4	-0.22	1	-1.82362
PREP	-0.222	1	-1.84028
MCM2	-0.222	1	-1.84028
UCKL1	-0.222	1	-1.84028
MAPK3	-0.224	1	-1.85693
GTPBP5	-0.224	1	-1.85693
TRAPPC4	-0.225	1	-1.86526
DUSP3	-0.226	1	-1.87359
ADCK4	-0.227	1	-1.88191
XPO6	-0.227	1	-1.88191
MYO1C	-0.227	1	-1.88191
CTDP1	-0.228	1	-1.89024
WDR34	-0.228	1	-1.89024
NF1	-0.229	1	-1.89857
PITRM1	-0.229	1	-1.89857
NHLRC2	-0.23	1	-1.90689
MUM1	-0.23	1	-1.90689
PABPN1	-0.232	1	-1.92355
KIAA0196	-0.233	1	-1.93187
HSPA13	-0.233	1	-1.93187
HIGD1A	-0.234	1	-1.9402
EIF2C2	-0.235	1	-1.94853
C19ORF68	-0.237	1	-1.96518
POLE2	-0.238	1	-1.97351
SMN1	-0.239	1	-1.98184
CHUK	-0.24	1	-1.99016
NDUFB4	-0.241	1	-1.99849
LCMT2	-0.241	1	-1.99849
AASDHPPT	-0.242	1	-2.00682
LYPLA2	-0.243	1	-2.01515
TELO2	-0.244	1	-2.02347
SEH1L	-0.244	1	-2.02347
RPS21	-0.245	1	-2.0318
HSPA12A	-0.246	1	-2.04013
TMED4	-0.247	1	-2.04845
RIOK2	-0.249	1	-2.06511
CAPN2	-0.25	1	-2.07343
TRPT1	-0.25	1	-2.07343
GTF3C3	-0.251	1	-2.08176
APIP	-0.253	1	-2.09842
PRKCI	-0.254	1	-2.10674
SDHD	-0.254	1	-2.10674
EXOC3	-0.254	1	-2.10674
MTFMT	-0.254	1	-2.10674
MTO1	-0.255	1	-2.11507
KIAA1033	-0.257	1	-2.13172
PRTFDC1	-0.257	1	-2.13172
DYM	-0.259	1	-2.14838
PPP2CB	-0.259	1	-2.14838
WWOX	-0.259	1	-2.14838
RPS6KA5	-0.26	1	-2.15671
WASL	-0.264	1	-2.19001
ASPH	-0.267	1	-2.21499
C2ORF56	-0.268	1	-2.22332
VPS29	-0.269	1	-2.23165
SDCBP	-0.269	1	-2.23165
C3ORF1	-0.269	1	-2.23165
C2ORF44	-0.27	1	-2.23998
TTRAP	-0.272	1	-2.25663
DNAJC13	-0.273	1	-2.26496
SMUG1	-0.273	1	-2.26496
ERI3	-0.274	1	-2.27328
ISYNA1	-0.276	1	-2.28994
IFIT5	-0.276	1	-2.28994
FTO	-0.28	1	-2.32325
BRIP1	-0.281	1	-2.33157
TSPYL1	-0.282	1	-2.3399
DOPEY2	-0.284	1	-2.35655
PDIA3	-0.287	1	-2.38154
ZMYND8	-0.288	1	-2.38986
COG7	-0.288	1	-2.38986
TMEM201	-0.29	1	-2.40652
SMEK1	-0.29	1	-2.40652
ARPC1B	-0.291	1	-2.41484
TPR	-0.291	1	-2.41484
HPRT1	-0.295	1	-2.44815
MPI	-0.3	1	-2.48979
ANLN	-0.301	1	-2.49811
INTS6	-0.302	1	-2.50644
TTC21B	-0.303	1	-2.51477
SH3PXD2B	-0.308	1	-2.5564
SUZ12	-0.308	1	-2.5564
GPR107	-0.313	1	-2.59804
TRAPPC5	-0.313	1	-2.59804
ARHGDIA	-0.314	1	-2.60637
FAF1	-0.315	1	-2.61469
RNH1	-0.317	1	-2.63135
C3ORF38	-0.321	1	-2.66465
DVL3	-0.321	1	-2.66465
RPA3	-0.322	1	-2.67298
SYNJ1	-0.324	1	-2.68964
SYK	-0.325	1	-2.69796
OMA1	-0.328	1	-2.72294
RQCD1	-0.34	1	-2.82287
GNPDA1	-0.341	1	-2.8312
PGK1	-0.345	1	-2.8645
PLEKHG1	-0.346	1	-2.87283
MRPL21	-0.349	1	-2.89781
VPS25	-0.353	1	-2.93112
SELENBP1	-0.359	1	-2.98108
A8MWD9	-0.361	1	-2.99774
METTL11A	-0.362	1	-3.00606
CNNM3	-0.387	1	-3.21424
G3BP2	-0.402	1	-3.33915
DNAJB5	-0.416	1	-3.45572
AP1G2	-0.432	1	-3.58896
RNF25	-0.433	1	-3.59728
SNRPE	-0.435	1	-3.61394
NUDT16L1	-0.502	1	-4.17185
HIPK2	-0.502	1	-4.17185
ACOT1	-0.508	1	-4.22181
UPRT	-0.515	1	-4.2801
BCL2L13	-0.526	1	-4.3717
KLHL9	-0.542	1	-4.50493
APRT	-0.55	1	-4.57155
HECA	-0.559	1	-4.64649
TRMT6	-0.584	1	-4.85467
PSEN1	-0.587	1	-4.87965
